0.294232 0.402578 0.159872 0.388199
0.310498 0.406429 0.143039 0.379474
0.329150 0.420017 0.121723 0.364313
0.345467 0.443576 0.099968 0.344579
0.353800 0.474579 0.082108 0.324231
0.350966 0.507277 0.070999 0.308045
0.338416 0.534298 0.067659 0.299584
0.320575 0.549613 0.072329 0.300097
0.301486 0.550487 0.085420 0.308845
0.282996 0.537275 0.107465 0.324133
0.265123 0.512062 0.138285 0.344294
0.247440 0.477508 0.176034 0.368192
0.230336 0.436420 0.216754 0.395007
0.215503 0.391883 0.254703 0.423528
0.205693 0.347443 0.283335 0.451511
0.204361 0.306981 0.296467 0.475458
0.215900 0.274467 0.288752 0.490627
0.246754 0.254202 0.255365 0.490652
0.306058 0.252231 0.193608 0.466639
0.397209 0.278986 0.113168 0.409284
0.485232 0.348969 0.047144 0.324712
0.499948 0.463544 0.017221 0.248217
0.438681 0.585923 0.008772 0.207728
0.360126 0.666825 0.007952 0.202696
0.302032 0.691172 0.011662 0.223746
0.270687 0.671873 0.022038 0.260566
0.259253 0.627730 0.043443 0.300965
0.257137 0.574918 0.077659 0.334634
0.255029 0.523651 0.119578 0.359220
0.249282 0.477418 0.161181 0.378895
0.241432 0.435724 0.197206 0.397773
0.234942 0.397659 0.224583 0.416752
0.233480 0.363736 0.240246 0.434001
0.240788 0.336072 0.240681 0.446014
0.261011 0.318092 0.222577 0.448127
0.298335 0.314621 0.184477 0.434782
0.353047 0.332332 0.130977 0.401062
0.410624 0.378533 0.077385 0.348536
0.438551 0.453665 0.041213 0.292197
0.419221 0.540301 0.024781 0.252090
0.372296 0.609227 0.020607 0.236847
0.325643 0.642291 0.024364 0.243898
0.292046 0.639954 0.036717 0.266471
0.271026 0.611907 0.061024 0.296691
0.256221 0.568627 0.099644 0.328096
0.241188 0.517702 0.150367 0.358416
0.223308 0.463157 0.206885 0.389141
0.204164 0.407002 0.261691 0.422039
0.187464 0.351357 0.307372 0.456599
0.177232 0.299304 0.337275 0.489831
0.177365 0.254337 0.346297 0.517199
0.192754 0.219668 0.330217 0.533186
0.232043 0.198600 0.283689 0.530346
0.310721 0.196750 0.201788 0.496545
0.439112 0.226869 0.099071 0.416594
0.556434 0.311516 0.028834 0.302773
0.551978 0.457731 0.007213 0.213263
0.452747 0.612045 0.003129 0.174844
0.350124 0.705222 0.002996 0.176576
0.283806 0.725525 0.005138 0.206667
0.253789 0.695522 0.011530 0.254315
0.250293 0.640418 0.026132 0.303776
0.261505 0.581810 0.050585 0.339251
0.275538 0.533738 0.078855 0.356248
0.285657 0.500389 0.102312 0.361300
0.291331 0.479407 0.117900 0.361883
0.294337 0.466731 0.127045 0.361627
0.296227 0.459150 0.131885 0.361430
0.297898 0.454749 0.133898 0.361177
0.299759 0.452577 0.133938 0.360562
0.301898 0.452220 0.132539 0.359361
0.304179 0.453473 0.130141 0.357505
0.306310 0.456130 0.127204 0.355100
0.307921 0.459853 0.124245 0.352418
0.308650 0.464126 0.121804 0.349852
0.308247 0.468272 0.120381 0.347851
0.306632 0.471540 0.120375 0.346830
0.303925 0.473228 0.122021 0.347096
0.300410 0.472812 0.125352 0.348786
0.296489 0.470044 0.130170 0.351847
0.292634 0.465001 0.136026 0.356036
0.289356 0.458098 0.142218 0.360936
0.287200 0.450054 0.147826 0.365973
0.286719 0.441845 0.151802 0.370438
0.288421 0.434649 0.153112 0.373522
0.292655 0.429754 0.150949 0.374396
0.299431 0.428436 0.144972 0.372343
0.308174 0.431766 0.135550 0.366981
0.317541 0.440314 0.123870 0.358533
0.325495 0.453765 0.111800 0.348028
0.329854 0.470593 0.101443 0.337258
0.329202 0.488065 0.094605 0.328367
0.323517 0.502800 0.092493 0.323213
0.314000 0.511696 0.095778 0.322879
0.302276 0.512744 0.104763 0.327567
0.289683 0.505309 0.119390 0.336813
0.277071 0.489935 0.139013 0.349816
0.265082 0.467979 0.162087 0.365646
0.254581 0.441353 0.185986 0.383236
0.246956 0.412420 0.207098 0.401179
0.244200 0.383985 0.221222 0.417474
0.248872 0.359287 0.224135 0.429352
0.263999 0.342041 0.212255 0.433218
0.292521 0.336670 0.183754 0.424824
0.334792 0.348582 0.141060 0.400330
0.382218 0.383373 0.094042 0.359822
0.413287 0.442334 0.056856 0.312277
0.409579 0.514896 0.036160 0.273157
0.377263 0.579378 0.028774 0.253015
0.337091 0.617491 0.030673 0.252921
0.303425 0.624548 0.041452 0.268489
0.279330 0.605860 0.063521 0.293545
0.261084 0.569578 0.099320 0.322533
0.243458 0.522557 0.148073 0.352739
0.223689 0.469177 0.204856 0.384530
0.202728 0.412225 0.262243 0.419010
0.183919 0.354542 0.311998 0.455600
0.171181 0.299746 0.346598 0.491420
0.168196 0.251656 0.360589 0.522052
0.179220 0.213495 0.350087 0.542275
0.211697 0.188052 0.310239 0.545442
0.280430 0.179508 0.234341 0.520625
0.404374 0.197863 0.127461 0.450481
0.549551 0.264935 0.039485 0.333563
0.585492 0.401140 0.008472 0.226229
0.494421 0.571488 0.002733 0.172729
0.377729 0.693666 0.002058 0.164902
0.295690 0.735371 0.003153 0.189056
0.254687 0.716095 0.007033 0.235300
0.245355 0.663255 0.016972 0.289169
0.256447 0.601388 0.036000 0.331927
0.275284 0.548881 0.060702 0.353266
0.291800 0.513615 0.082139 0.357446
0.302564 0.494453 0.095601 0.353872
0.308174 0.486499 0.102581 0.348682
0.309848 0.484765 0.106384 0.344456
0.308507 0.485354 0.109642 0.342158
0.304911 0.485520 0.113956 0.342166
0.299801 0.483515 0.120093 0.344560
0.293913 0.478451 0.128185 0.349170
0.287969 0.470175 0.137826 0.355603
0.282694 0.459144 0.148110 0.363255
0.278871 0.446316 0.157692 0.371322
0.277368 0.433052 0.164911 0.378782
0.279113 0.421038 0.168017 0.384399
0.284946 0.412207 0.165503 0.386776
0.295318 0.408622 0.156555 0.384534
0.309745 0.412263 0.141574 0.376676
0.326125 0.424574 0.122576 0.363197
0.340475 0.445644 0.103011 0.345722
0.348104 0.473217 0.086657 0.327609
0.346206 0.502373 0.076214 0.312950
0.335637 0.526777 0.072888 0.304952
0.319852 0.541040 0.077099 0.304946
0.302310 0.542425 0.089234 0.312528
0.284865 0.530875 0.109659 0.326354
0.267851 0.508023 0.138077 0.344967
0.251151 0.476213 0.172734 0.367249
0.235263 0.438072 0.210004 0.392279
0.221788 0.396558 0.244623 0.418776
0.213317 0.355079 0.270502 0.444537
0.213200 0.317407 0.281718 0.466194
0.225738 0.287535 0.273033 0.479145
0.256986 0.269973 0.239977 0.477219
0.314459 0.271036 0.181063 0.452245
0.397758 0.300841 0.107138 0.397074
0.471991 0.371320 0.047629 0.319772
0.479978 0.479389 0.019653 0.251584
0.424111 0.589438 0.011195 0.215846
0.354229 0.659907 0.010685 0.212420
0.302097 0.679380 0.015590 0.232937
0.273093 0.659476 0.028364 0.267517
0.260736 0.616791 0.053286 0.305106
0.255121 0.565324 0.091504 0.337435
0.248310 0.513560 0.137739 0.363427
0.237973 0.464348 0.184363 0.386868
0.226283 0.417656 0.225725 0.410797
0.216996 0.373597 0.257487 0.435170
0.214077 0.333715 0.275248 0.457379
0.221782 0.300833 0.274506 0.473154
0.245492 0.278746 0.250977 0.476828
0.292246 0.272756 0.201875 0.460968
0.366069 0.291301 0.132353 0.417502
0.447337 0.346103 0.065739 0.347201
0.481388 0.441510 0.027439 0.273913
0.444595 0.553465 0.013762 0.226836
0.376692 0.638678 0.011044 0.212974
0.318151 0.674646 0.014111 0.225730
0.281879 0.666924 0.024049 0.255890
0.264447 0.631072 0.044909 0.292883
0.256740 0.581932 0.079513 0.327205
0.249820 0.529721 0.124764 0.355387
0.239528 0.478927 0.173245 0.380087
0.226933 0.430244 0.218400 0.404869
0.215549 0.383728 0.255338 0.430596
0.209361 0.340640 0.279414 0.455278
0.212503 0.303570 0.285934 0.475021
0.229983 0.276004 0.270356 0.484526
0.268823 0.262530 0.228693 0.476754
0.336664 0.270352 0.161563 0.442699
0.426530 0.311144 0.086290 0.377088
0.488746 0.395887 0.035049 0.296132
0.473055 0.512701 0.014780 0.234659
0.404988 0.617596 0.009579 0.208725
0.336267 0.674318 0.010559 0.213620
0.290208 0.680567 0.017013 0.240129
0.267099 0.651576 0.032283 0.277685
0.258596 0.604301 0.060400 0.314986
0.254522 0.551865 0.100689 0.345194
0.248059 0.501245 0.146383 0.369163
0.238283 0.454055 0.190214 0.391210
0.227999 0.409802 0.227413 0.413792
0.221017 0.368659 0.254129 0.436214
0.221259 0.332338 0.266238 0.455493
0.233054 0.303834 0.259494 0.467151
0.261844 0.287263 0.230124 0.465336
0.313599 0.288579 0.177220 0.442790
0.386861 0.316786 0.110284 0.393692
0.452743 0.381572 0.053917 0.324782
0.464034 0.479375 0.024670 0.261883
0.418437 0.579778 0.014762 0.226679
0.356266 0.646397 0.013888 0.221256
0.307100 0.667112 0.019304 0.238663
0.277670 0.650652 0.033257 0.269849
0.262782 0.611363 0.059827 0.305010
0.253528 0.561665 0.100247 0.337052
0.242838 0.509242 0.149857 0.365015
0.228834 0.457056 0.201281 0.391976
0.213843 0.405796 0.248088 0.420274
0.201750 0.356483 0.284673 0.449361
0.196618 0.311404 0.305693 0.476204
0.202773 0.273718 0.306270 0.496190
0.226057 0.247049 0.281701 0.503310
0.275671 0.236223 0.227556 0.489184
0.361667 0.249756 0.146388 0.442567
0.468565 0.302588 0.065598 0.359573
0.521531 0.407184 0.021840 0.268848
0.477619 0.541798 0.008606 0.210925
0.391364 0.649606 0.006069 0.193466
0.318864 0.697242 0.007712 0.207021
0.276251 0.691502 0.014104 0.241346
0.259149 0.652519 0.029055 0.284348
0.257324 0.599539 0.056182 0.322855
0.259684 0.546645 0.093057 0.349986
0.259287 0.500372 0.131537 0.368204
0.255501 0.461117 0.165136 0.383049
0.251083 0.427133 0.191138 0.397398
0.249365 0.397493 0.207877 0.410897
0.253491 0.372973 0.213206 0.421237
0.266457 0.355864 0.204780 0.425069
0.290824 0.349663 0.181270 0.418536
0.326917 0.358876 0.144545 0.398243
0.368311 0.388123 0.102244 0.363850
0.398518 0.438710 0.066216 0.321883
0.401015 0.502801 0.044001 0.284925
0.376839 0.562837 0.034800 0.263337
0.341730 0.601843 0.035417 0.259829
0.309417 0.613193 0.045090 0.271516
0.284496 0.599730 0.065634 0.293293
0.264845 0.568020 0.099282 0.320236
0.246178 0.524256 0.145798 0.349573
0.225865 0.472808 0.201107 0.381137
0.204518 0.416756 0.258208 0.415612
0.185177 0.359221 0.308780 0.452355
0.171647 0.304022 0.344968 0.488603
0.167566 0.255138 0.361000 0.520042
0.177029 0.215907 0.352907 0.541548
0.207007 0.189112 0.316031 0.546718
0.271495 0.178640 0.243607 0.525200
0.390304 0.193637 0.138093 0.459938
0.539102 0.254796 0.045166 0.345550
0.589810 0.384780 0.009678 0.234006
0.506410 0.555913 0.002899 0.175203
0.387968 0.685784 0.002008 0.163705
0.301557 0.734920 0.002917 0.185258
0.256862 0.720256 0.006376 0.229988
0.244964 0.669405 0.015468 0.284098
0.254750 0.607336 0.033490 0.328740
0.273594 0.553356 0.057855 0.352143
0.290839 0.516463 0.079746 0.357400
0.302362 0.496168 0.093779 0.353996
0.308510 0.487687 0.101067 0.348565
0.310490 0.485884 0.104946 0.344000
0.309255 0.486663 0.108187 0.341399
0.305599 0.487099 0.112501 0.341202
0.300300 0.485304 0.118737 0.343517
0.294126 0.480296 0.127080 0.348189
0.287825 0.471867 0.137153 0.354827
0.282138 0.460454 0.148054 0.362823
0.277866 0.447019 0.158403 0.371364
0.275912 0.432949 0.166462 0.379410
0.277265 0.419978 0.170358 0.385685
0.282868 0.410109 0.168426 0.388716
0.293320 0.405516 0.159673 0.386999
0.308307 0.408347 0.144346 0.379363
0.325821 0.420288 0.124426 0.365606
0.341703 0.441714 0.103547 0.347260
0.350726 0.470548 0.085827 0.327817
0.349504 0.501727 0.074245 0.311728
0.338741 0.528416 0.070070 0.302583
0.322233 0.544639 0.073664 0.301914
0.303890 0.547297 0.085400 0.309311
0.285799 0.536275 0.105752 0.323300
0.268266 0.513316 0.134605 0.342285
0.250994 0.480896 0.170359 0.365085
0.234309 0.441719 0.209430 0.390827
0.219727 0.398771 0.246448 0.418340
0.209832 0.355485 0.275111 0.445525
0.207959 0.315668 0.289277 0.469073
0.218330 0.283288 0.283552 0.484445
0.246973 0.262665 0.253174 0.485557
0.302215 0.259690 0.195439 0.464069
0.387486 0.284159 0.118559 0.411193
0.472986 0.349552 0.052399 0.331311
0.493626 0.457987 0.020061 0.255993
0.439862 0.576681 0.010221 0.213723
0.364697 0.658357 0.008960 0.206216
0.306700 0.685805 0.012619 0.224833
0.274012 0.669780 0.023095 0.259587
0.260714 0.628050 0.044698 0.298863
0.256634 0.576250 0.079510 0.332738
0.252652 0.524474 0.122978 0.358617
0.245092 0.476455 0.167222 0.380207
0.235439 0.432078 0.206527 0.401383
0.227224 0.390799 0.237168 0.422943
0.224272 0.353444 0.255467 0.442918
0.230562 0.322353 0.257392 0.457570
0.250749 0.301061 0.239055 0.461858
0.290316 0.294513 0.198070 0.449442
0.351932 0.310004 0.138273 0.413783
0.421427 0.356897 0.077124 0.354820
0.458038 0.438695 0.036873 0.289617
0.436246 0.537411 0.019803 0.243165
0.380779 0.617634 0.015485 0.225570
0.327002 0.656616 0.018307 0.233159
0.290157 0.655254 0.028698 0.258067
0.269422 0.625592 0.050285 0.291148
0.257321 0.580383 0.086027 0.324271
0.245949 0.528852 0.133883 0.354107
0.231476 0.475610 0.187264 0.382400
0.214918 0.422196 0.239003 0.411874
0.199821 0.369723 0.282709 0.442929
0.190257 0.320373 0.312424 0.473228
0.190304 0.277249 0.322918 0.498586
0.204902 0.243739 0.309573 0.513573
0.241961 0.223676 0.267373 0.510921
0.314031 0.223200 0.192991 0.479721
0.426247 0.254607 0.100419 0.408059
0.526145 0.336674 0.034002 0.307366
0.524540 0.470847 0.010312 0.225631
0.440326 0.608330 0.005029 0.188687
0.349838 0.691336 0.004896 0.189489
0.289425 0.709588 0.008015 0.217041
0.260745 0.682096 0.016753 0.260331
0.254856 0.631152 0.035399 0.305031
0.260152 0.575450 0.065218 0.338539
0.266159 0.526527 0.099944 0.358355
0.268339 0.487641 0.131246 0.370146
0.267704 0.457099 0.155353 0.379386
0.267071 0.432465 0.171716 0.387949
0.269059 0.412644 0.180034 0.395114
0.275755 0.398152 0.179507 0.398989
0.288602 0.390703 0.169437 0.397329
0.307840 0.392673 0.150295 0.388166
0.331261 0.406409 0.124809 0.370753
0.353048 0.432924 0.098170 0.346859
0.365144 0.469902 0.076186 0.321383
0.362480 0.510412 0.062433 0.300718
0.347036 0.544754 0.057641 0.289627
0.325376 0.564911 0.061566 0.289570
0.303230 0.567550 0.074566 0.299315
0.282847 0.553558 0.097582 0.316428
0.263702 0.525887 0.130968 0.338661
0.244573 0.487850 0.173119 0.364713
0.225337 0.442558 0.219857 0.394005
0.207604 0.393207 0.264823 0.425686
0.194274 0.343464 0.300707 0.457715
0.188839 0.297357 0.320796 0.486627
0.195399 0.258802 0.319688 0.507758
0.219988 0.231543 0.292429 0.515062
0.272895 0.220287 0.233946 0.499734
0.366582 0.233746 0.146455 0.449145
0.484724 0.288351 0.061081 0.358468
0.540157 0.399352 0.018175 0.261092
0.487442 0.543945 0.006588 0.201530
0.392207 0.658700 0.004565 0.185050
0.315159 0.707733 0.005968 0.200561
0.271480 0.700120 0.011425 0.237615
0.255604 0.658187 0.024612 0.283552
0.256861 0.602865 0.049155 0.323705
0.263562 0.549676 0.082560 0.349937
0.267817 0.505827 0.116338 0.364835
0.268299 0.471506 0.144163 0.374846
0.267332 0.444225 0.164348 0.383673
0.267735 0.422096 0.176712 0.391681
0.271857 0.404856 0.180695 0.397434
0.281486 0.393676 0.175442 0.398794
0.297564 0.390660 0.160705 0.393577
0.319287 0.398268 0.137971 0.380293
0.342717 0.418376 0.111265 0.359299
0.360521 0.450580 0.086414 0.333955
0.365426 0.490281 0.068368 0.310229
0.355768 0.528746 0.059148 0.294025
0.336436 0.556606 0.058736 0.288489
0.314106 0.568063 0.067098 0.293574
0.292827 0.562112 0.084972 0.307276
0.273250 0.540921 0.113179 0.327126
0.254248 0.507746 0.151226 0.351319
0.235003 0.465790 0.196236 0.379004
0.216265 0.418142 0.242845 0.409600
0.200380 0.368207 0.284043 0.441732
0.190602 0.319879 0.312657 0.472633
0.190654 0.277182 0.322646 0.498210
0.205359 0.243900 0.309006 0.513194
0.242608 0.224031 0.266575 0.510401
0.314906 0.223805 0.192062 0.478962
0.427068 0.255589 0.099687 0.407097
0.526090 0.338094 0.033742 0.306585
0.523552 0.472339 0.010287 0.225348
0.439258 0.609240 0.005056 0.188811
0.349169 0.691481 0.004951 0.189868
0.289157 0.709212 0.008125 0.217554
0.260736 0.681475 0.016977 0.260839
0.254943 0.630494 0.035801 0.305403
0.260170 0.574861 0.065800 0.338760
0.266007 0.525998 0.100654 0.358536
0.268009 0.487085 0.132059 0.370412
0.267241 0.456423 0.156272 0.379807
0.266539 0.431610 0.172717 0.388534
0.268541 0.411599 0.181040 0.395831
0.275356 0.396960 0.180389 0.399766
0.288459 0.389457 0.170035 0.398048
0.308104 0.391527 0.150458 0.388668
0.332026 0.405581 0.124466 0.370861
0.354212 0.432667 0.097405 0.346464
0.366354 0.470397 0.075209 0.320535
0.363327 0.511624 0.061443 0.299632
0.347341 0.546397 0.056747 0.288567
0.325233 0.566593 0.060820 0.288735
0.302834 0.568952 0.074032 0.298797
0.282340 0.554501 0.097365 0.316235
0.263126 0.526312 0.131191 0.338757
0.243896 0.487761 0.173872 0.365069
0.224514 0.441984 0.221144 0.394622
0.206624 0.392190 0.266558 0.426582
0.193160 0.342066 0.302735 0.458896
0.187629 0.295653 0.322951 0.488071
0.194128 0.256859 0.321838 0.509422
0.218699 0.229388 0.294459 0.516897
0.271753 0.217883 0.235650 0.501653
0.366192 0.231006 0.147400 0.450864
0.486179 0.285332 0.061073 0.359314
0.543059 0.396714 0.017879 0.260731
0.489830 0.542783 0.006366 0.200479
0.393264 0.659192 0.004367 0.183769
0.315206 0.709122 0.005703 0.199294
0.271032 0.701703 0.010967 0.236592
0.255096 0.659562 0.023785 0.282968
0.256701 0.603922 0.047810 0.323510
0.264070 0.550602 0.080632 0.349759
0.269096 0.507014 0.113739 0.364229
0.270267 0.473371 0.140779 0.373516
0.269810 0.447076 0.160185 0.381502
0.270457 0.426071 0.172004 0.388704
0.274435 0.409898 0.175925 0.393839
0.283369 0.399510 0.171313 0.394965
0.298040 0.396755 0.158035 0.390132
0.317634 0.403782 0.137457 0.378053
0.338667 0.422154 0.113113 0.359085
0.354873 0.451399 0.090102 0.336147
0.359978 0.487446 0.072955 0.314406
0.352166 0.522683 0.063862 0.299134
0.335157 0.548762 0.063160 0.293395
0.314620 0.560156 0.070944 0.297477
0.294357 0.555467 0.087824 0.309807
0.275322 0.536280 0.114426 0.328259
0.256819 0.505409 0.150213 0.351155
0.238287 0.465831 0.192519 0.377565
0.220475 0.420539 0.236363 0.406770
0.205586 0.372862 0.275152 0.437344
0.196751 0.326597 0.301985 0.466592
0.197685 0.285729 0.310832 0.490522
0.213265 0.254155 0.296563 0.503894
0.251205 0.236173 0.254211 0.499541
0.322629 0.238459 0.181698 0.467059
0.428210 0.273447 0.094709 0.396755
0.514579 0.357665 0.033830 0.302445
0.506486 0.487255 0.011486 0.227869
0.427154 0.613632 0.006225 0.194986
0.344331 0.686847 0.006380 0.197522
0.289271 0.700261 0.010455 0.225093
0.263008 0.671808 0.021208 0.266637
0.256732 0.622037 0.042980 0.308619
0.259100 0.567721 0.076341 0.340508
0.260804 0.518642 0.114652 0.361317
0.258726 0.477254 0.149994 0.376410
0.254658 0.442122 0.178464 0.390161
0.251840 0.411665 0.198467 0.403469
0.253422 0.385841 0.208290 0.414761
0.262324 0.366254 0.205760 0.421160
0.281171 0.355809 0.189122 0.419136
0.311290 0.358440 0.158716 0.405187
0.349609 0.378596 0.119392 0.377548
0.384432 0.419132 0.081195 0.339484
0.398689 0.476520 0.053831 0.300968
0.385475 0.537422 0.039816 0.273491
0.354982 0.584354 0.036635 0.262816
0.322039 0.606466 0.042539 0.268222
0.294680 0.602973 0.058396 0.285593
0.273272 0.578929 0.086424 0.310049
0.254315 0.540497 0.127587 0.338015
0.234498 0.492577 0.179446 0.368374
0.213227 0.438609 0.236146 0.401586
0.192723 0.381656 0.289763 0.437567
0.176597 0.325365 0.332014 0.474317
0.168546 0.273817 0.356166 0.508022
0.172314 0.230687 0.357690 0.533843
0.193392 0.198915 0.332484 0.546037
0.242562 0.181704 0.274390 0.536199
0.338874 0.185575 0.179448 0.489731
0.485719 0.226351 0.074012 0.391837
0.587492 0.329576 0.017567 0.271155
0.546038 0.492973 0.004278 0.191477
0.429862 0.646068 0.002147 0.164312
0.328788 0.724694 0.002449 0.174712
0.269522 0.730495 0.004767 0.211874
0.246687 0.690231 0.011420 0.264305
0.249631 0.629933 0.026190 0.314269
0.266224 0.571450 0.049361 0.345875
0.284425 0.527769 0.073541 0.357044
0.297730 0.501382 0.091035 0.356271
0.305460 0.488555 0.100842 0.351588
0.308826 0.484133 0.105869 0.346937
0.308902 0.483742 0.109154 0.343795
0.306477 0.484190 0.112739 0.342718
0.302262 0.483339 0.117738 0.343901
0.296964 0.479943 0.124563 0.347293
0.291283 0.473521 0.133066 0.352617
0.285917 0.464233 0.142606 0.359389
0.281592 0.452774 0.152093 0.366926
0.279101 0.440269 0.160081 0.374345
0.279297 0.428192 0.164935 0.380561
0.283016 0.418286 0.165101 0.384314
0.290858 0.412466 0.159478 0.384281
0.302796 0.412660 0.147875 0.379336
0.317599 0.420489 0.131454 0.369006
0.332358 0.436674 0.112855 0.354069
0.342883 0.460172 0.095588 0.336929
0.345522 0.487517 0.082788 0.321194
0.339354 0.513251 0.076311 0.310389
0.326528 0.531704 0.076913 0.306677
0.310403 0.538990 0.084976 0.310478
0.293506 0.533809 0.100871 0.320939
0.276849 0.516947 0.124631 0.336712
0.260534 0.490315 0.155247 0.356561
0.244778 0.456299 0.190077 0.379506
0.230659 0.417604 0.224759 0.404467
0.220276 0.377349 0.253723 0.429712
0.216560 0.339086 0.271079 0.452476
0.223234 0.306676 0.271387 0.468825
0.245275 0.284346 0.249936 0.473498
0.289251 0.277444 0.203705 0.459516
0.359225 0.294062 0.136902 0.419160
0.438432 0.345356 0.070667 0.352304
0.476217 0.436213 0.030472 0.280233
0.445429 0.545375 0.015279 0.231782
0.380629 0.631358 0.011920 0.215720
0.322258 0.670175 0.014713 0.226359
0.284862 0.665455 0.024413 0.254811
0.266021 0.631852 0.044932 0.290861
0.257069 0.583873 0.079299 0.325175
0.249175 0.531747 0.124932 0.354017
0.238011 0.480209 0.174660 0.379671
0.224470 0.430237 0.221695 0.405571
0.212034 0.382102 0.260754 0.432605
0.204718 0.337217 0.286869 0.458803
0.206659 0.298256 0.295168 0.480246
0.222850 0.268667 0.281005 0.491628
0.260557 0.252838 0.240006 0.485851
0.328855 0.257677 0.171515 0.453361
0.424424 0.295090 0.091634 0.386898
0.497365 0.378459 0.035680 0.300966
0.486905 0.499768 0.013787 0.233578
0.415547 0.613709 0.008230 0.203888
0.341175 0.678191 0.008702 0.207052
0.291035 0.688470 0.013991 0.233449
0.266207 0.660534 0.027158 0.272306
0.258300 0.612746 0.052455 0.311405
0.256609 0.559734 0.089884 0.342366
0.253199 0.509658 0.132810 0.365243
0.246216 0.464503 0.173688 0.384753
0.238068 0.423402 0.208060 0.404138
0.232380 0.385827 0.232901 0.423358
0.232853 0.352837 0.244883 0.439973
0.243373 0.326992 0.240358 0.450057
0.268344 0.312114 0.216190 0.448558
0.311789 0.313583 0.171941 0.429628
0.371396 0.338758 0.115110 0.389091
0.425960 0.394533 0.064077 0.331958
0.440928 0.477338 0.033740 0.277130
0.409399 0.563924 0.021623 0.243203
0.358695 0.624970 0.019909 0.234837
0.314262 0.647661 0.025726 0.247459
0.284448 0.636589 0.040821 0.273563
0.266218 0.602720 0.068791 0.305114
0.252415 0.556274 0.110998 0.336405
0.237190 0.503965 0.163755 0.366420
0.219118 0.449024 0.220113 0.397230
0.200589 0.393179 0.272641 0.430257
0.185531 0.338650 0.314214 0.464338
0.177933 0.288614 0.338629 0.496012
0.181832 0.246503 0.341134 0.520478
0.202849 0.215506 0.317322 0.531841
0.251247 0.199361 0.261494 0.521662
0.343379 0.205219 0.171475 0.476335
0.477296 0.248812 0.073389 0.384195
0.565074 0.352158 0.019570 0.272978
0.524932 0.506870 0.005547 0.198978
0.419079 0.646170 0.003076 0.173799
0.326968 0.715725 0.003599 0.184626
0.272649 0.718585 0.006830 0.220688
0.251536 0.679252 0.015565 0.270019
0.253155 0.621757 0.033793 0.316048
0.265321 0.565553 0.061111 0.345811
0.277371 0.521456 0.089652 0.359003
0.284962 0.491145 0.111955 0.363219
0.288894 0.471486 0.126543 0.364608
0.291174 0.458806 0.135050 0.365521
0.293287 0.450635 0.139155 0.366176
0.296048 0.445778 0.139880 0.366117
0.299746 0.443867 0.137834 0.364846
0.304242 0.444894 0.133567 0.362075
0.309007 0.448846 0.127789 0.357831
0.313220 0.455426 0.121434 0.352516
0.315957 0.463883 0.115584 0.346880
0.316468 0.472980 0.111300 0.341889
0.314423 0.481144 0.109461 0.338514
0.310000 0.486765 0.110665 0.337511
0.303763 0.488540 0.115191 0.339278
0.296451 0.485721 0.122975 0.343827
0.288820 0.478216 0.133546 0.350840
0.281606 0.466545 0.145953 0.359738
0.275599 0.451759 0.158716 0.369719
0.271736 0.435345 0.169877 0.379740
0.271137 0.419165 0.177177 0.388471
0.275039 0.405408 0.178389 0.394278
0.284558 0.396535 0.171788 0.395306
0.300160 0.395174 0.156814 0.389766
0.320673 0.403836 0.134863 0.376581
0.342075 0.424131 0.109742 0.356451
0.357601 0.455289 0.086749 0.332770
0.361054 0.492633 0.070264 0.311071
0.351392 0.527996 0.062135 0.296615
0.333098 0.552962 0.062503 0.292143
0.312010 0.562437 0.071486 0.297573
0.291635 0.555567 0.089777 0.311092
0.272563 0.534312 0.117974 0.330505
0.253919 0.501649 0.155334 0.354196
0.235198 0.460605 0.198846 0.381326
0.217339 0.414219 0.243185 0.411171
0.202725 0.365900 0.281535 0.442181
0.194592 0.319516 0.306983 0.471476
0.196740 0.279055 0.313633 0.494898
0.214274 0.248379 0.296426 0.507023
0.255448 0.231849 0.250358 0.500341
0.331893 0.236531 0.174026 0.463908
0.441542 0.275750 0.086343 0.388605
0.522719 0.366191 0.029351 0.292466
0.503766 0.500265 0.009992 0.220856
0.419311 0.625045 0.005705 0.191889
0.337131 0.692870 0.006202 0.197624
0.284586 0.701133 0.010586 0.227609
0.260809 0.669169 0.021873 0.270464
0.256427 0.617732 0.044320 0.312303
0.259952 0.563392 0.077827 0.343001
0.262349 0.515386 0.115188 0.362415
0.260939 0.475614 0.148744 0.376259
0.257686 0.442355 0.175125 0.388786
0.255760 0.413933 0.193109 0.400750
0.258139 0.390257 0.201274 0.410583
0.267487 0.372849 0.197777 0.415558
0.286005 0.364467 0.181275 0.412454
0.314360 0.368744 0.152521 0.398290
0.348930 0.389496 0.116341 0.371987
0.378873 0.428574 0.081692 0.337073
0.390032 0.481798 0.056800 0.302531
0.377472 0.536821 0.043976 0.278204
0.349984 0.578480 0.041489 0.269047
0.319949 0.597504 0.048155 0.274503
0.294177 0.593107 0.064884 0.291010
0.273047 0.569532 0.093564 0.314354
0.253677 0.532092 0.134750 0.341530
0.233473 0.485169 0.185840 0.371584
0.212279 0.432101 0.241016 0.404714
0.192421 0.376121 0.292425 0.440441
0.177434 0.321052 0.331932 0.476482
0.170960 0.271021 0.353000 0.508904
0.176898 0.229679 0.351107 0.532794
0.201279 0.200042 0.321835 0.542153
0.255878 0.185734 0.258890 0.527888
0.359480 0.194422 0.160875 0.474722
0.504730 0.243778 0.061468 0.371659
0.583661 0.357688 0.014402 0.256383
0.524743 0.522549 0.003951 0.186630
0.409640 0.662951 0.002323 0.166524
0.316872 0.726914 0.002951 0.181642
0.265011 0.723301 0.005992 0.221627
0.247185 0.678778 0.014247 0.273993
0.252558 0.618356 0.031452 0.320821
0.268752 0.562179 0.056557 0.348640
0.284675 0.520980 0.081280 0.358045
0.295525 0.495765 0.098816 0.357740
0.301579 0.482549 0.108909 0.354589
0.304292 0.476682 0.114316 0.351564
0.304725 0.474536 0.117630 0.349596
0.303538 0.473646 0.120524 0.348943
0.301227 0.472450 0.123893 0.349652
0.298251 0.470056 0.128075 0.351655
0.295077 0.466096 0.132997 0.354756
0.292183 0.460632 0.138265 0.358628
0.290057 0.454080 0.143236 0.362810
0.289181 0.447143 0.147107 0.366728
0.289996 0.440738 0.149030 0.369721
0.292824 0.435914 0.148282 0.371098
0.297747 0.433741 0.144448 0.370238
0.304441 0.435161 0.137619 0.366740
0.312033 0.440774 0.128513 0.360620
0.319096 0.450557 0.118444 0.352477
0.323930 0.463614 0.109081 0.343530
0.325129 0.478082 0.102058 0.335417
0.322153 0.491395 0.098653 0.329775
0.315477 0.500886 0.099682 0.327806
0.306222 0.504463 0.105555 0.330049
0.295603 0.501036 0.116312 0.336409
0.284592 0.490573 0.131525 0.346354
0.273947 0.473901 0.150093 0.359108
0.264469 0.452482 0.170069 0.373721
0.257271 0.428268 0.188657 0.388985
0.253910 0.403647 0.202440 0.403264
0.256382 0.381425 0.207819 0.414349
0.266984 0.364836 0.201599 0.419411
0.287853 0.357610 0.181860 0.415160
0.319461 0.364030 0.149531 0.398558
0.357090 0.388380 0.110462 0.368844
0.387582 0.432399 0.074868 0.330748
0.395455 0.490508 0.050910 0.294846
0.377900 0.548131 0.039633 0.271424
0.346798 0.589071 0.038549 0.264592
0.315443 0.604983 0.046570 0.272767
0.289839 0.596644 0.064994 0.291669
0.269269 0.569382 0.095903 0.316730
0.250173 0.528970 0.139574 0.344998
0.229872 0.479833 0.192771 0.375842
0.208522 0.425219 0.249104 0.409689
0.188785 0.368327 0.300436 0.446010
0.174340 0.312996 0.338694 0.482305
0.168828 0.263305 0.357669 0.514460
0.176208 0.222764 0.353131 0.537463
0.202871 0.194255 0.320611 0.545165
0.261533 0.181453 0.253559 0.527975
0.371781 0.192556 0.151837 0.469755
0.520229 0.246506 0.054236 0.361263
0.588709 0.367218 0.012085 0.246511
0.518742 0.535819 0.003393 0.181026
0.401070 0.673030 0.002123 0.164507
0.310302 0.731272 0.002854 0.182355
0.261174 0.723048 0.005999 0.224474
0.245780 0.675655 0.014453 0.277894
0.253158 0.614225 0.031788 0.324160
0.270818 0.558743 0.056370 0.350252
0.287733 0.519362 0.079659 0.357734
0.299251 0.496487 0.095405 0.355760
0.305598 0.485736 0.103986 0.351229
0.308073 0.482148 0.108504 0.347180
0.307664 0.481768 0.111716 0.344691
0.305094 0.481804 0.115372 0.344160
0.301015 0.480439 0.120376 0.345700
0.296082 0.476669 0.126995 0.349213
0.290950 0.470172 0.134986 0.354397
0.286279 0.461206 0.143660 0.360756
0.282765 0.450503 0.151939 0.367609
0.281151 0.439184 0.158463 0.374089
0.282202 0.428673 0.161770 0.379158
0.286599 0.420615 0.160561 0.381658
0.294708 0.416763 0.154054 0.380446
0.306200 0.418785 0.142381 0.374677
0.319582 0.427916 0.126912 0.364223
0.331992 0.444373 0.110203 0.350151
0.339829 0.466656 0.095339 0.334873
0.340418 0.491211 0.084919 0.321598
0.333517 0.513092 0.080477 0.313216
0.321183 0.527561 0.082715 0.311363
0.306167 0.531585 0.092024 0.316236
0.290442 0.524310 0.108640 0.327037
0.274841 0.506577 0.132297 0.342600
0.259627 0.480181 0.161631 0.361829
0.245317 0.447398 0.193767 0.383724
0.233226 0.410888 0.224358 0.407037
0.225552 0.373747 0.248105 0.429821
0.225263 0.339497 0.259548 0.449136
0.236148 0.312017 0.253700 0.460916
0.263123 0.295770 0.226546 0.459802
0.311448 0.296656 0.177050 0.439152
0.379669 0.323128 0.113603 0.393661
0.442428 0.384003 0.058360 0.329020
0.456771 0.476216 0.027963 0.268305
0.417056 0.572394 0.016955 0.232656
0.358690 0.638285 0.015653 0.225536
0.310572 0.660789 0.021064 0.240875
0.280503 0.646892 0.035196 0.270134
0.264174 0.609793 0.061997 0.304096
0.253253 0.561257 0.102880 0.336044
0.240974 0.508752 0.153643 0.364873
0.225498 0.455414 0.207060 0.393280
0.209117 0.402307 0.256308 0.423346
0.195735 0.350844 0.295212 0.454377
0.189410 0.303614 0.318067 0.483225
0.194383 0.263874 0.319957 0.505214
0.216427 0.235099 0.296212 0.514369
0.265208 0.221696 0.241792 0.502250
0.353461 0.231666 0.157224 0.456581
0.471238 0.280447 0.069374 0.370221
0.538350 0.384670 0.021189 0.271345
0.496428 0.527671 0.007329 0.206648
0.402725 0.648149 0.004691 0.185720
0.322519 0.704641 0.005756 0.197985
0.275236 0.702516 0.010668 0.232954
0.256609 0.663587 0.022858 0.278422
0.256309 0.609055 0.046251 0.319713
0.262597 0.555138 0.079272 0.347610
0.266967 0.509965 0.113754 0.363690
0.267476 0.474328 0.142811 0.374343
0.266274 0.445884 0.164292 0.383635
0.266244 0.422661 0.177884 0.392182
0.269855 0.404289 0.182975 0.398619
0.279043 0.391893 0.178597 0.400764
0.294972 0.387609 0.164307 0.396294
0.317144 0.394038 0.141366 0.383477
0.341872 0.413356 0.113716 0.362358
0.361624 0.445611 0.087443 0.336101
0.368276 0.486545 0.067982 0.310861
0.359326 0.527259 0.057631 0.293050
0.339649 0.557685 0.056311 0.286263
0.316525 0.571310 0.063838 0.290628
0.294563 0.566797 0.080926 0.304075
0.274616 0.546349 0.108555 0.323948
0.255437 0.513397 0.146490 0.348256
0.235946 0.471284 0.192077 0.376088
0.216671 0.423129 0.240049 0.406960
0.199865 0.372307 0.283339 0.439672
0.188769 0.322701 0.314589 0.471604
0.187046 0.278365 0.327594 0.498765
0.199265 0.243068 0.317362 0.516027
0.232828 0.220583 0.278770 0.516544
0.300219 0.216484 0.207412 0.489855
0.410772 0.242025 0.113185 0.422817
0.522309 0.316356 0.039419 0.321223
0.537219 0.447120 0.011265 0.232287
0.456997 0.591700 0.004882 0.188603
0.361469 0.686420 0.004306 0.184914
0.294917 0.713516 0.006714 0.209771
0.261840 0.690678 0.013962 0.252461
0.253812 0.641003 0.030208 0.298806
0.259351 0.584477 0.057623 0.334763
0.267228 0.534327 0.090955 0.355802
0.271533 0.495060 0.121513 0.367072
0.272452 0.465300 0.144920 0.374800
0.272550 0.442243 0.160772 0.381666
0.274305 0.424192 0.169334 0.387507
0.279584 0.411035 0.170371 0.390886
0.289586 0.403865 0.163517 0.390008
0.304504 0.404424 0.149124 0.383312
0.322810 0.414444 0.129068 0.370136
0.340574 0.434688 0.107009 0.351557
0.352159 0.463637 0.087445 0.330866
0.353165 0.496544 0.073882 0.312776
0.343477 0.526268 0.067891 0.301450
0.326891 0.546008 0.069835 0.298938
0.307900 0.551839 0.080021 0.305073
0.289142 0.543199 0.099008 0.318358
0.271120 0.521748 0.126974 0.337030
0.253390 0.490040 0.162720 0.359761
0.235969 0.450833 0.203003 0.385689
0.220107 0.407090 0.242600 0.413823
0.208249 0.362198 0.275102 0.442313
0.203629 0.319955 0.294099 0.468086
0.210238 0.284312 0.293975 0.486830
0.233669 0.259374 0.269751 0.492813
0.282308 0.250347 0.217458 0.478068
0.363791 0.265878 0.140726 0.432591
0.460511 0.319832 0.065524 0.354503
0.505540 0.421374 0.023854 0.270692
0.464288 0.547263 0.010368 0.217032
0.385385 0.645944 0.007717 0.201005
0.318531 0.688740 0.009848 0.214342
0.278572 0.682071 0.017536 0.247115
0.261518 0.644290 0.034760 0.287700
0.257475 0.592914 0.064875 0.324367
0.256097 0.540429 0.105116 0.351744
0.251591 0.492435 0.147601 0.372498
0.244097 0.449345 0.185908 0.391380
0.236732 0.410077 0.216525 0.410426
0.233163 0.374586 0.236522 0.428590
0.237074 0.344481 0.242496 0.442842
0.252449 0.322768 0.230952 0.448884
0.283631 0.313751 0.199502 0.441401
0.333091 0.323457 0.150033 0.414879
0.392756 0.359410 0.094188 0.367723
0.434408 0.425713 0.050934 0.310249
0.430411 0.511614 0.028558 0.262934
0.389268 0.589536 0.021018 0.239201
0.340206 0.635459 0.022238 0.239381
0.301755 0.644209 0.031386 0.257590
0.277045 0.623584 0.051251 0.286099
0.260970 0.584403 0.085019 0.317608
0.246552 0.535439 0.132218 0.348257
0.229640 0.481839 0.187603 0.378580
0.210570 0.426035 0.243823 0.410659
0.192592 0.369926 0.293379 0.444877
0.179746 0.316278 0.329255 0.479002
0.175928 0.268545 0.345800 0.508910
0.185468 0.230066 0.338692 0.529426
0.215340 0.203973 0.303150 0.533987
0.278625 0.194704 0.233244 0.512382
0.391515 0.211929 0.133190 0.449118
0.526397 0.275561 0.046001 0.341590
0.568636 0.403550 0.011165 0.237786
0.490416 0.564310 0.003795 0.182601
0.381412 0.682557 0.002808 0.172359
0.301737 0.725588 0.004098 0.193971
0.260423 0.709617 0.008679 0.237168
0.249214 0.660336 0.020072 0.288021
0.256874 0.600873 0.041475 0.329437
0.271051 0.548312 0.069539 0.352294
0.282777 0.510041 0.095315 0.360407
0.289771 0.485322 0.113540 0.361910
0.293462 0.470248 0.124615 0.361761
0.295598 0.461200 0.130711 0.361545
0.297286 0.455852 0.133556 0.361353
0.299077 0.452982 0.134178 0.360892
0.301153 0.452043 0.133189 0.359894
0.303444 0.452791 0.131041 0.358233
0.305696 0.455041 0.128187 0.355959
0.307551 0.458505 0.125131 0.353293
0.308626 0.462723 0.122419 0.350601
0.308620 0.467056 0.120578 0.348329
0.307389 0.470755 0.120054 0.346919
0.304990 0.473075 0.121146 0.346727
0.301660 0.473412 0.123959 0.347953
0.297774 0.471412 0.128376 0.350608
0.293789 0.467043 0.134027 0.354510
0.290210 0.460611 0.140286 0.359292
0.287577 0.452746 0.146289 0.364425
0.286452 0.444355 0.151004 0.369236
0.287375 0.436570 0.153355 0.372934
0.290775 0.430669 0.152417 0.374671
0.296807 0.427967 0.147655 0.373659
0.305120 0.429651 0.139177 0.369364
0.314625 0.436516 0.127913 0.361772
0.323445 0.448593 0.115566 0.351640
0.329311 0.464772 0.104259 0.340562
0.330414 0.482651 0.095976 0.330668
0.326244 0.498914 0.092142 0.324013
0.317695 0.510203 0.093589 0.321988
0.306389 0.514053 0.100731 0.325074
0.293831 0.509372 0.113650 0.332978
0.281024 0.496365 0.131937 0.344965
0.268622 0.476179 0.154373 0.360127
0.257363 0.450578 0.178678 0.377457
0.248444 0.421798 0.201500 0.395688
0.243675 0.392513 0.218728 0.413037
0.245459 0.365838 0.226023 0.426983
0.256731 0.345333 0.219451 0.434174
0.280674 0.335171 0.196342 0.430469
0.319139 0.340473 0.157258 0.411558
0.367479 0.367154 0.109474 0.375510
0.407668 0.418944 0.067111 0.328023
0.416476 0.489943 0.040709 0.283772
0.391083 0.560722 0.029421 0.256381
0.350656 0.609578 0.028424 0.249858
0.313521 0.626982 0.035976 0.261008
0.286285 0.615907 0.053804 0.283852
0.266785 0.584394 0.084780 0.312229
0.249631 0.540146 0.129516 0.342206
0.230824 0.488430 0.184347 0.373282
0.210073 0.432378 0.242448 0.406703
0.190138 0.374604 0.295726 0.442690
0.174915 0.318421 0.336261 0.479137
0.168174 0.267662 0.357829 0.512049
0.173785 0.225795 0.356214 0.536454
0.197688 0.195661 0.327204 0.546390
0.251675 0.180640 0.264388 0.532850
0.355407 0.188042 0.165456 0.480334
0.504636 0.235309 0.063244 0.376353
0.590375 0.347678 0.014363 0.257811
0.533169 0.514869 0.003722 0.185313
0.415098 0.660770 0.002087 0.163730
0.318892 0.729067 0.002597 0.178054
0.264763 0.727470 0.005281 0.217935
0.245811 0.683253 0.012740 0.271172
0.251225 0.622074 0.028687 0.319511
0.268673 0.564966 0.052481 0.348315
0.286521 0.523543 0.076075 0.357385
0.299132 0.499200 0.092468 0.355703
0.306267 0.487794 0.101434 0.350819
0.309165 0.484186 0.106060 0.346256
0.308853 0.484127 0.109288 0.343326
0.306107 0.484552 0.113035 0.342529
0.301644 0.483430 0.118318 0.344029
0.296178 0.479612 0.125473 0.347743
0.290416 0.472706 0.134281 0.353365
0.285063 0.462952 0.144032 0.360378
0.280856 0.451117 0.153569 0.368068
0.278608 0.438389 0.161386 0.375515
0.279191 0.426299 0.165816 0.381596
0.283445 0.416641 0.165309 0.385015
0.291938 0.411368 0.158830 0.384432
0.304537 0.412426 0.146330 0.378745
0.319801 0.421400 0.129186 0.367588
0.334544 0.438866 0.110259 0.351948
0.344407 0.463485 0.093161 0.334479
0.345896 0.491413 0.080939 0.318945
0.338533 0.516924 0.075278 0.308822
0.324850 0.534371 0.076825 0.306068
0.308288 0.540141 0.085951 0.310880
0.291219 0.533273 0.103030 0.322257
0.274469 0.514793 0.128024 0.338807
0.258057 0.486747 0.159742 0.359316
0.242258 0.451590 0.195289 0.382825
0.228282 0.412093 0.230056 0.408213
0.218363 0.371450 0.258312 0.433634
0.215546 0.333282 0.274137 0.456164
0.223696 0.301488 0.272140 0.471693
0.248048 0.280362 0.247674 0.474732
0.295446 0.275476 0.198038 0.457998
0.369132 0.295418 0.128942 0.413783
0.448054 0.351672 0.063946 0.343763
0.478513 0.447435 0.027093 0.272156
0.440337 0.557570 0.013980 0.226967
0.373447 0.639803 0.011507 0.214397
0.316488 0.673352 0.014894 0.227828
0.281349 0.664299 0.025411 0.258097
0.264337 0.627981 0.047142 0.294746
0.256359 0.578827 0.082697 0.328650
0.248757 0.526621 0.128732 0.356771
0.237746 0.475578 0.177837 0.381870
0.224617 0.426372 0.223488 0.407319
0.212960 0.379220 0.260659 0.433745
0.206780 0.335574 0.284538 0.458981
0.210249 0.298146 0.290350 0.478998
0.228496 0.270464 0.273507 0.488375
0.268889 0.257145 0.229913 0.479856
0.339607 0.265564 0.160299 0.444032
0.432991 0.307927 0.083335 0.375521
0.495422 0.395765 0.032616 0.292172
0.475756 0.516154 0.013443 0.230431
0.404024 0.622731 0.008744 0.205487
0.333856 0.678843 0.009827 0.211685
0.287867 0.683467 0.016181 0.239531
0.265563 0.652826 0.031231 0.278185
0.258209 0.604433 0.058992 0.315947
0.255395 0.551730 0.098570 0.345807
0.250171 0.501744 0.142937 0.368806
0.241599 0.455918 0.184883 0.389509
0.232464 0.413511 0.219998 0.410513
0.226510 0.374447 0.244857 0.431224
0.227563 0.340241 0.255684 0.448784
0.239787 0.313783 0.248514 0.458883
0.268168 0.299175 0.219987 0.455959
0.317484 0.302290 0.169894 0.433436
0.384562 0.331492 0.107785 0.386800
0.442303 0.394630 0.055574 0.323231
0.450959 0.486409 0.027531 0.265721
0.409739 0.578550 0.017556 0.233339
0.353316 0.639173 0.016884 0.228437
0.307748 0.657662 0.023154 0.244876
0.279345 0.641569 0.038658 0.274228
0.263409 0.603633 0.067236 0.307643
0.251812 0.554894 0.109800 0.339136
0.238416 0.502166 0.161785 0.368158
0.221992 0.448290 0.215951 0.397369
0.205131 0.394452 0.265382 0.428448
0.191801 0.342389 0.303687 0.460296
0.186043 0.294939 0.325099 0.489492
0.192121 0.255430 0.324807 0.511203
0.216075 0.227286 0.298135 0.519291
0.268331 0.214936 0.239863 0.504911
0.362461 0.226778 0.151268 0.455032
0.484938 0.279310 0.062982 0.363307
0.546728 0.389552 0.018141 0.262646
0.495342 0.537275 0.006227 0.200214
0.397235 0.657367 0.004134 0.182148
0.317000 0.710320 0.005310 0.196929
0.271276 0.704463 0.010196 0.234065
0.254589 0.662732 0.022293 0.280944
0.256284 0.606811 0.045358 0.322320
0.264459 0.553100 0.077312 0.349027
0.270573 0.509517 0.109692 0.363214
0.272703 0.476460 0.135967 0.371674
0.272895 0.451226 0.154618 0.378626
0.273780 0.431504 0.165961 0.384851
0.277452 0.416535 0.170014 0.389300
0.285363 0.406960 0.166414 0.390276
0.298147 0.404282 0.155141 0.386099
0.315064 0.410275 0.137371 0.375690
0.333242 0.426177 0.116014 0.359338
0.347652 0.451526 0.095315 0.339397
0.353123 0.482968 0.079293 0.320080
0.347653 0.514243 0.070283 0.305903
0.333628 0.538222 0.069020 0.299815
0.315500 0.549731 0.075762 0.302497
0.296731 0.546911 0.090984 0.312917
0.278612 0.530630 0.115097 0.329366
0.260962 0.503129 0.147550 0.350326
0.243522 0.467068 0.185978 0.374786
0.227026 0.425277 0.225962 0.401880
0.213462 0.380931 0.261517 0.430162
0.205764 0.337668 0.286167 0.457072
0.207563 0.299394 0.293978 0.478811
0.223642 0.270120 0.279783 0.490293
0.261125 0.254465 0.239038 0.484602
0.328868 0.259407 0.171081 0.452359
0.423381 0.296778 0.091842 0.386503
0.495485 0.379695 0.036114 0.301383
0.485405 0.500038 0.014103 0.234459
0.414998 0.613024 0.008463 0.204831
0.341308 0.677080 0.008941 0.207863
0.291442 0.687394 0.014318 0.234016
0.266587 0.659706 0.027659 0.272572
0.258430 0.612178 0.053209 0.311447
0.256339 0.559274 0.090960 0.342405
0.252479 0.509055 0.134318 0.365531
0.245067 0.463507 0.175755 0.385467
0.236543 0.421832 0.210731 0.405374
0.230561 0.383593 0.236081 0.425149
0.230862 0.349936 0.248345 0.442286
0.241405 0.323483 0.243761 0.452784
0.266756 0.308100 0.219061 0.451466
0.311265 0.309248 0.173668 0.432262
0.372914 0.334533 0.115225 0.390672
0.429695 0.391344 0.062965 0.331751
0.445000 0.476353 0.032374 0.275312
0.411783 0.565451 0.020408 0.240697
0.359182 0.628036 0.018740 0.232425
0.313682 0.651019 0.024404 0.245583
0.283656 0.639477 0.039191 0.272405
0.265808 0.604924 0.066794 0.304552
0.252680 0.557988 0.108628 0.336044
0.238164 0.505602 0.160920 0.365810
0.220697 0.450993 0.216661 0.396068
0.202629 0.395728 0.268558 0.428418
0.187882 0.341827 0.309699 0.461833
0.180472 0.292322 0.333975 0.492938
0.184485 0.250611 0.336568 0.516963
0.205571 0.219951 0.312997 0.527995
0.253849 0.204226 0.257687 0.517598
0.344917 0.210755 0.168975 0.472454
0.475318 0.255209 0.072980 0.381783
0.559093 0.358555 0.020072 0.273184
0.519087 0.510766 0.005932 0.200911
0.415993 0.646221 0.003382 0.176403
0.326353 0.713241 0.003988 0.187392
0.273419 0.715249 0.007519 0.223146
0.252765 0.676140 0.016901 0.271621
0.253960 0.619364 0.036152 0.316618
0.264866 0.563700 0.064656 0.345965
0.275239 0.519396 0.094460 0.359776
0.281277 0.487932 0.118197 0.365392
0.284112 0.466347 0.134243 0.368490
0.285959 0.451346 0.143832 0.371024
0.288491 0.440944 0.148187 0.372866
0.292679 0.434483 0.147950 0.373214
0.298861 0.432137 0.143540 0.371259
0.306710 0.434386 0.135614 0.366512
0.315162 0.441526 0.125347 0.359050
0.322514 0.453217 0.114436 0.349679
0.326871 0.468141 0.104800 0.339900
0.326883 0.483946 0.098155 0.331585
0.322325 0.497652 0.095724 0.326445
0.314072 0.506413 0.098222 0.325580
0.303505 0.508239 0.105976 0.329319
0.291892 0.502335 0.118938 0.337353
0.280139 0.489015 0.136526 0.348996
0.268949 0.469416 0.157363 0.363378
0.259174 0.445260 0.179113 0.379470
0.252087 0.418735 0.198539 0.395935
0.249489 0.392465 0.211826 0.410922
0.253671 0.369501 0.215096 0.421904
0.267266 0.353354 0.205056 0.425649
0.292677 0.348135 0.180032 0.418420
0.329947 0.358677 0.142034 0.396954
0.371889 0.389722 0.099200 0.361284
0.401068 0.442259 0.063621 0.318632
0.401298 0.507580 0.042307 0.282028
0.375213 0.567387 0.033891 0.261530
0.339398 0.604928 0.035129 0.259297
0.307256 0.614378 0.045453 0.272085
0.282770 0.599193 0.066835 0.294621
0.263410 0.566174 0.101473 0.321981
0.244789 0.521512 0.148886 0.351546
0.224413 0.469488 0.204708 0.383309
0.203099 0.413122 0.261771 0.417976
0.184006 0.355543 0.311726 0.454803
0.170956 0.300584 0.346826 0.490905
0.167582 0.252190 0.361464 0.521898
0.178065 0.213640 0.351729 0.542609
0.209682 0.187708 0.312835 0.546494
0.277003 0.178445 0.238001 0.522820
0.399508 0.195527 0.131276 0.454248
0.546742 0.260431 0.041309 0.337797
0.588103 0.394637 0.008798 0.228631
0.499266 0.565842 0.002750 0.173181
0.381474 0.691220 0.002007 0.164060
0.297633 0.735716 0.003020 0.187330
0.255225 0.718044 0.006702 0.233143
0.244995 0.665781 0.016243 0.287270
0.255752 0.603700 0.034775 0.330838
0.274821 0.550611 0.059207 0.352905
0.291846 0.514851 0.080634 0.357309
0.303071 0.495510 0.094113 0.353561
0.308959 0.487681 0.101041 0.348050
0.310705 0.486249 0.104784 0.343525
0.309249 0.487165 0.108058 0.341036
0.305391 0.487549 0.112522 0.341002
0.299920 0.485557 0.118981 0.343518
0.293615 0.480253 0.127584 0.348409
0.287226 0.471477 0.137914 0.355263
0.281503 0.459712 0.149024 0.363454
0.277261 0.445965 0.159484 0.372147
0.275422 0.431664 0.167509 0.380273
0.276998 0.418586 0.171190 0.386525
0.282950 0.408775 0.168852 0.389394
0.293869 0.404449 0.159531 0.387349
0.309377 0.407790 0.143566 0.379216
0.327309 0.420485 0.123096 0.364861
0.343275 0.442825 0.101920 0.345966
0.351901 0.472524 0.084230 0.326216
0.349926 0.504232 0.072936 0.310182
0.338388 0.530910 0.069193 0.301417
0.321335 0.546598 0.073313 0.301316
0.302709 0.548377 0.085683 0.309326
0.284480 0.536343 0.106796 0.323885
0.266828 0.512384 0.136496 0.343371
0.249412 0.479050 0.173064 0.366628
0.232596 0.439087 0.212746 0.392801
0.217980 0.395524 0.250015 0.420696
0.208225 0.351842 0.278470 0.448138
0.206723 0.311883 0.291962 0.471732
0.217781 0.279617 0.285123 0.486839
0.247620 0.259376 0.253183 0.487239
0.304873 0.257153 0.193527 0.464350
0.392673 0.283067 0.115228 0.409270
0.478502 0.350952 0.049600 0.327435
0.495505 0.462190 0.018692 0.252094
0.438136 0.581933 0.009603 0.211124
0.361806 0.662402 0.008605 0.205063
0.304210 0.687811 0.012381 0.224945
0.272424 0.669979 0.022985 0.260635
0.260057 0.627065 0.044761 0.300294
0.256750 0.574823 0.079585 0.333953
0.253384 0.523270 0.122589 0.359256
0.246408 0.475952 0.165844 0.380132
0.237391 0.432582 0.203849 0.400502
0.229858 0.392498 0.233128 0.421139
0.227583 0.356444 0.250212 0.440080
0.234477 0.326708 0.251240 0.453638
0.255047 0.306820 0.232527 0.456873
0.294319 0.301737 0.192084 0.443685
0.353902 0.318619 0.134268 0.408160
0.418850 0.366102 0.076071 0.351128
0.451132 0.446234 0.037786 0.289278
0.429169 0.540618 0.021269 0.245653
0.376545 0.616049 0.017165 0.229473
0.325611 0.651984 0.020451 0.237320
0.290311 0.649542 0.031743 0.261661
0.269733 0.620009 0.054620 0.293780
0.256713 0.575270 0.091769 0.326221
0.243907 0.523850 0.140962 0.356191
0.228040 0.470041 0.195669 0.385427
0.210424 0.415508 0.248620 0.416282
0.194701 0.361747 0.293044 0.448762
0.184940 0.311308 0.322692 0.480234
0.185170 0.267472 0.332357 0.506341
0.200356 0.233578 0.317543 0.521577
0.238800 0.213282 0.273075 0.518530
0.314305 0.212608 0.195104 0.485699
0.433549 0.244238 0.098425 0.409972
0.539246 0.328553 0.031165 0.303869
0.534509 0.468421 0.008785 0.219618
0.443553 0.612129 0.004139 0.182777
0.348564 0.697945 0.004051 0.184529
0.286404 0.715948 0.006806 0.213543
0.257744 0.686798 0.014671 0.258780
0.253222 0.633966 0.031836 0.305232
0.261061 0.577229 0.059615 0.339153
0.270243 0.528941 0.091663 0.357533
0.275528 0.492556 0.119546 0.366480
0.277458 0.466051 0.139889 0.372170
0.278480 0.446367 0.153005 0.377062
0.280750 0.431639 0.159631 0.381029
0.285736 0.421499 0.159979 0.382911
0.294207 0.416631 0.154097 0.381365
0.306024 0.418200 0.142545 0.375359
0.319762 0.427229 0.126917 0.364648
0.332522 0.443859 0.109927 0.350256
0.340602 0.466532 0.094782 0.334621
0.341235 0.491599 0.084157 0.321031
0.334183 0.513974 0.079605 0.312447
0.321595 0.528789 0.081821 0.310535
0.306321 0.532947 0.091195 0.315474
0.290379 0.525598 0.107985 0.326431
0.274590 0.507626 0.131950 0.342203
0.259178 0.480868 0.161736 0.361681
0.244634 0.447632 0.194445 0.383871
0.232266 0.410600 0.225670 0.407539
0.224292 0.372891 0.250034 0.430742
0.223700 0.338045 0.262005 0.450527
0.234312 0.309950 0.256528 0.462802
0.261133 0.293055 0.229483 0.462160
0.309709 0.293248 0.179608 0.441815
0.379177 0.319082 0.115085 0.396097
0.444249 0.379836 0.058549 0.330337
0.460140 0.473148 0.027503 0.268084
0.419948 0.571492 0.016338 0.231340
0.360188 0.639401 0.014913 0.223737
0.310942 0.663022 0.020047 0.239059
0.280368 0.649439 0.033691 0.268637
0.264135 0.612224 0.059844 0.303024
0.253741 0.563521 0.100059 0.335180
0.242149 0.511081 0.150184 0.363811
0.227291 0.458123 0.202962 0.391686
0.211359 0.405610 0.251663 0.421071
0.198223 0.354771 0.290297 0.451441
0.191948 0.308043 0.313261 0.479769
0.196784 0.268632 0.315620 0.501451
0.218439 0.240051 0.292686 0.510557
0.266265 0.226781 0.239581 0.498784
0.352234 0.236804 0.156992 0.454274
0.466352 0.285154 0.070759 0.370302
0.532192 0.387552 0.022401 0.273699
0.492906 0.527394 0.007977 0.209652
0.402209 0.645435 0.005146 0.188457
0.323612 0.701294 0.006266 0.200135
0.276774 0.699680 0.011446 0.234264
0.257840 0.661679 0.024171 0.278774
0.256619 0.607949 0.048373 0.319449
0.261534 0.554225 0.082478 0.347527
0.264387 0.508375 0.118419 0.364603
0.263493 0.471222 0.149288 0.376781
0.261157 0.440649 0.172633 0.387841
0.260432 0.414994 0.187673 0.398156
0.264039 0.394238 0.193277 0.406077
0.274285 0.379895 0.187992 0.409033
0.292787 0.374576 0.171032 0.404193
0.319323 0.381528 0.143757 0.389267
0.349505 0.403727 0.111094 0.364090
0.373366 0.441693 0.080851 0.332645
0.380033 0.490303 0.059515 0.302943
0.367130 0.538169 0.048889 0.282941
0.342412 0.572756 0.047936 0.276413
0.315612 0.586883 0.056121 0.282721
0.291888 0.580157 0.074437 0.298815
0.271378 0.556128 0.104328 0.321247
0.251835 0.519221 0.145724 0.347679
0.231544 0.473243 0.195628 0.377360
0.210955 0.421419 0.248131 0.410170
0.192570 0.367148 0.295512 0.445119
0.179852 0.314394 0.329998 0.479543
0.176442 0.267255 0.345424 0.509329
0.186640 0.229334 0.337204 0.529375
0.217569 0.203892 0.300389 0.533097
0.282561 0.195542 0.229103 0.510108
0.397244 0.214324 0.128663 0.444921
0.530194 0.280510 0.043576 0.336575
0.566365 0.410850 0.010625 0.234629
0.485183 0.570832 0.003734 0.181737
0.377080 0.685626 0.002862 0.173095
0.299327 0.725476 0.004270 0.195800
0.259600 0.707582 0.009108 0.239552
0.249422 0.657526 0.020990 0.290192
0.257480 0.598181 0.042958 0.330793
0.271467 0.546182 0.071285 0.352891
0.282750 0.508440 0.096996 0.360725
0.289364 0.483983 0.115103 0.362323
0.292842 0.468906 0.126120 0.362406
0.294939 0.459704 0.132163 0.362406
0.296754 0.454182 0.134869 0.362332
0.298827 0.451238 0.135205 0.361843
0.301311 0.450413 0.133760 0.360646
0.304078 0.451522 0.131013 0.358614
0.306795 0.454391 0.127482 0.355828
0.309002 0.458691 0.123772 0.352581
0.310223 0.463858 0.120537 0.349332
0.310098 0.469104 0.118405 0.346635
0.308484 0.473507 0.117891 0.345026
0.305484 0.476170 0.119332 0.344917
0.301417 0.476385 0.122837 0.346522
0.296744 0.473767 0.128252 0.349826
0.291998 0.468320 0.135130 0.354590
0.287757 0.460450 0.142717 0.360372
0.284641 0.450927 0.149967 0.366548
0.283313 0.440836 0.155622 0.372324
0.284438 0.431514 0.158366 0.376756
0.288579 0.424479 0.157063 0.378814
0.295986 0.421311 0.151059 0.377511
0.306274 0.423472 0.140518 0.372157
0.318063 0.431980 0.126672 0.362714
0.328873 0.446911 0.111747 0.350173
0.335683 0.466849 0.098424 0.336635
0.336252 0.488660 0.089031 0.324861
0.330279 0.508069 0.085052 0.317367
0.319350 0.520942 0.087242 0.315659
0.305735 0.524525 0.095994 0.320028
0.291198 0.517906 0.111457 0.329873
0.276645 0.501692 0.133259 0.344201
0.262517 0.477439 0.160038 0.361985
0.249455 0.447246 0.189094 0.382203
0.238760 0.413634 0.216429 0.403562
0.232516 0.379564 0.237181 0.424134
0.233526 0.348428 0.246303 0.441085
0.245329 0.324038 0.239199 0.450547
0.272238 0.310854 0.212435 0.447533
0.317978 0.314673 0.165971 0.426287
0.378734 0.343129 0.108557 0.383239
0.430590 0.402648 0.059337 0.325060
0.439700 0.487628 0.031467 0.271772
0.404129 0.572835 0.020893 0.240748
0.353000 0.629844 0.020085 0.235129
0.310024 0.648226 0.026799 0.249760
0.281814 0.633902 0.043164 0.276952
0.264513 0.598059 0.072755 0.308737
0.250835 0.550629 0.116425 0.339859
0.235327 0.497898 0.169937 0.369817
0.217082 0.442798 0.226179 0.400803
0.198780 0.387019 0.277753 0.434004
0.184405 0.332882 0.317611 0.467963
0.177926 0.283627 0.339721 0.499026
0.183458 0.242665 0.339452 0.522279
0.206978 0.213181 0.312301 0.531647
0.259489 0.199125 0.252484 0.518218
0.357405 0.208361 0.159437 0.467835
0.492102 0.257846 0.064285 0.371068
0.566366 0.368663 0.016673 0.261911
0.513711 0.525480 0.005007 0.193985
0.406657 0.658052 0.003050 0.173666
0.318740 0.718805 0.003835 0.187900
0.268787 0.715453 0.007536 0.226160
0.250888 0.672895 0.017232 0.275925
0.254315 0.614749 0.036766 0.320461
0.266809 0.559620 0.064815 0.348065
0.278294 0.517136 0.093017 0.359862
0.285245 0.488144 0.114528 0.363640
0.288804 0.469293 0.128434 0.365055
0.290977 0.457036 0.136444 0.366080
0.293181 0.449106 0.140131 0.366770
0.296172 0.444474 0.140420 0.366617
0.300188 0.442879 0.137887 0.365116
0.305021 0.444365 0.133101 0.361995
0.310059 0.448920 0.126836 0.357333
0.314393 0.456193 0.120107 0.351608
0.317034 0.465325 0.114069 0.345660
0.317225 0.474942 0.109824 0.340536
0.314697 0.483344 0.108259 0.337252
0.309722 0.488841 0.109954 0.336559
0.302951 0.490123 0.115157 0.338813
0.295178 0.486501 0.123754 0.343967
0.287179 0.477980 0.135207 0.351638
0.279703 0.465196 0.148461 0.361195
0.273572 0.449314 0.161896 0.371779
0.269778 0.431935 0.173395 0.382280
0.269528 0.415040 0.180548 0.391276
0.274155 0.400943 0.181016 0.397013
0.284855 0.392245 0.173046 0.397498
0.302079 0.391737 0.156206 0.390830
0.324369 0.402076 0.132272 0.375947
0.346990 0.424884 0.105653 0.353852
0.362284 0.459012 0.082133 0.328577
0.363889 0.498907 0.066044 0.306284
0.351723 0.535432 0.058811 0.292380
0.331438 0.559818 0.060292 0.289261
0.309292 0.567369 0.070623 0.296358
0.288518 0.557927 0.090641 0.311485
0.269229 0.533996 0.120979 0.332280
0.250249 0.498837 0.160677 0.357170
0.231063 0.455583 0.206303 0.385439
0.212810 0.407348 0.252065 0.416399
0.198088 0.357644 0.290817 0.448389
0.190257 0.310430 0.315581 0.478330
0.193185 0.269692 0.320608 0.501881
0.212177 0.239195 0.300942 0.513453
0.256119 0.223227 0.251413 0.505200
0.337775 0.229054 0.170758 0.465420
0.453908 0.270887 0.080613 0.384750
0.534467 0.366534 0.025589 0.284768
0.507192 0.506644 0.008398 0.213643
0.416422 0.633818 0.004859 0.186869
0.332375 0.699993 0.005483 0.194889
0.280376 0.705201 0.009716 0.227091
0.258114 0.670383 0.020635 0.271790
0.255747 0.617088 0.042416 0.314395
0.261537 0.562414 0.074616 0.344389
0.266221 0.515697 0.109650 0.361942
0.266985 0.478570 0.139998 0.373270
0.265665 0.448910 0.162901 0.382928
0.265181 0.424611 0.177904 0.391915
0.268116 0.405115 0.184394 0.399023
0.276540 0.391418 0.181339 0.402080
0.291834 0.385615 0.168091 0.398673
0.313869 0.390377 0.145592 0.386838
0.339435 0.408145 0.117500 0.366227
0.361153 0.439494 0.089966 0.339601
0.370184 0.480792 0.068921 0.313050
0.362837 0.523347 0.057125 0.293431
0.343484 0.556546 0.054565 0.284928
0.319851 0.572997 0.060892 0.288025
0.297238 0.570760 0.076727 0.300724
0.276903 0.551876 0.103163 0.320233
0.257608 0.519875 0.140276 0.344350
0.238020 0.478231 0.185759 0.372036
0.218370 0.430102 0.234596 0.402869
0.200732 0.378807 0.279781 0.435848
0.188294 0.328185 0.313805 0.468566
0.184665 0.282313 0.330232 0.497189
0.194160 0.244989 0.324018 0.516756
0.223569 0.219839 0.290158 0.520792
0.284792 0.211832 0.223528 0.499485
0.390398 0.230917 0.129619 0.439116
0.511443 0.295667 0.047862 0.339218
0.547575 0.419465 0.013205 0.243002
0.476257 0.569069 0.005038 0.190937
0.376733 0.676920 0.003918 0.181355
0.303150 0.715339 0.005676 0.202350
0.264461 0.699139 0.011567 0.243434
0.253116 0.651947 0.025474 0.290962
0.257908 0.594929 0.050419 0.329778
0.267069 0.543097 0.082522 0.352959
0.273235 0.502566 0.112950 0.364572
0.275551 0.472588 0.136426 0.371443
0.276282 0.450164 0.152372 0.377136
0.277844 0.433066 0.161436 0.382063
0.282023 0.420618 0.163827 0.385164
0.289921 0.413394 0.159442 0.384956
0.301792 0.412659 0.148554 0.380112
0.316597 0.419760 0.132490 0.369983
0.331572 0.435364 0.113937 0.355185
0.342561 0.458505 0.096451 0.337997
0.345789 0.485835 0.083266 0.321984
0.340121 0.511944 0.076338 0.310732
0.327569 0.531077 0.076472 0.306520
0.311511 0.539173 0.084057 0.309868
0.294575 0.534772 0.099472 0.319971
0.277862 0.518563 0.122798 0.335484
0.261492 0.492420 0.153115 0.355149
0.245639 0.458716 0.187893 0.377976
0.231314 0.420137 0.222862 0.402912
0.220557 0.379776 0.252489 0.428284
0.216255 0.341164 0.270865 0.451397
0.222074 0.308149 0.272496 0.468390
0.242900 0.284917 0.252607 0.474094
0.285262 0.276695 0.207945 0.461631
0.353839 0.291349 0.141885 0.423148
0.434126 0.340006 0.074435 0.357466
0.476533 0.428690 0.032106 0.284455
0.449613 0.538248 0.015696 0.233721
0.385291 0.627220 0.011825 0.215548
0.325547 0.669467 0.014215 0.224689
0.286618 0.667253 0.023297 0.252331
0.266786 0.635037 0.042875 0.288292
0.257568 0.587577 0.076220 0.322978
0.249937 0.535509 0.121186 0.352142
0.239145 0.483938 0.170733 0.377795
0.225787 0.433985 0.217961 0.403477
0.213246 0.385860 0.257562 0.430316
0.205525 0.340848 0.284605 0.456525
0.206739 0.301534 0.294222 0.478308
0.221774 0.271319 0.281766 0.490466
0.257661 0.254506 0.242837 0.486074
0.323400 0.257758 0.176309 0.455783
0.417343 0.292557 0.096616 0.391866
0.493516 0.372465 0.038463 0.306680
0.489011 0.491700 0.014760 0.237472
0.420382 0.607062 0.008526 0.205393
0.345477 0.674971 0.008706 0.206614
0.293759 0.688402 0.013678 0.231630
0.267476 0.662552 0.026309 0.269833
0.258622 0.615744 0.050912 0.309086
0.256547 0.562834 0.087921 0.340652
0.253053 0.512364 0.131045 0.364091
0.245951 0.466636 0.172615 0.383982
0.237502 0.424901 0.207934 0.403709
0.231328 0.386613 0.233861 0.423387
0.231156 0.352786 0.247007 0.440652
0.240897 0.325936 0.243645 0.451605
0.265031 0.309834 0.220470 0.451179
0.307927 0.309793 0.176645 0.433393
0.368263 0.333223 0.119032 0.393562
0.425844 0.387603 0.066092 0.335811
0.444459 0.470664 0.034095 0.278975
0.414186 0.559772 0.021160 0.242857
0.362418 0.624263 0.018958 0.232945
0.316351 0.649705 0.024169 0.244774
0.285409 0.640211 0.038338 0.270755
0.266875 0.607005 0.065122 0.302603
0.253468 0.560769 0.106200 0.334158
0.238932 0.508635 0.158148 0.364051
0.221432 0.454023 0.214077 0.394366
0.203146 0.398578 0.266636 0.426783
0.187959 0.344310 0.308820 0.460414
0.179890 0.294248 0.334410 0.491980
0.182976 0.251801 0.338532 0.516771
0.202681 0.220210 0.316760 0.528974
0.248771 0.203218 0.263544 0.520395
0.336924 0.207732 0.176318 0.477962
0.467321 0.248768 0.078497 0.389642
0.559126 0.347918 0.021818 0.279584
0.526504 0.499243 0.006198 0.203505
0.423838 0.639162 0.003330 0.176003
0.331340 0.711802 0.003758 0.184973
0.275576 0.717650 0.006949 0.219512
0.252955 0.680425 0.015626 0.267877
0.253199 0.623945 0.033857 0.313895
0.264206 0.567620 0.061586 0.344535
0.275311 0.522501 0.091204 0.358985
0.282103 0.490604 0.115005 0.364503
0.285423 0.469059 0.131074 0.367155
0.287427 0.454407 0.140695 0.369216
0.289776 0.444423 0.145270 0.370748
0.293429 0.438215 0.145591 0.371072
0.298740 0.435754 0.142144 0.369469
0.305472 0.437359 0.135530 0.365493
0.312773 0.443245 0.126742 0.359171
0.319262 0.453123 0.117203 0.351137
0.323361 0.465914 0.108564 0.342611
0.323861 0.479680 0.102372 0.335160
0.320404 0.491918 0.099800 0.330290
0.313545 0.500136 0.101582 0.329056
0.304375 0.502469 0.108061 0.331881
0.294025 0.498024 0.119198 0.338611
0.283408 0.486898 0.134467 0.348694
0.273282 0.469986 0.152655 0.361350
0.264489 0.448783 0.171733 0.375606
0.258189 0.425260 0.188888 0.390211
0.255965 0.401817 0.200781 0.403475
0.259786 0.381264 0.203994 0.413154
0.271823 0.366831 0.195642 0.416439
0.293859 0.362227 0.174310 0.410198
0.325551 0.371598 0.141666 0.391847
0.360982 0.398701 0.104154 0.361516
0.386800 0.444049 0.071492 0.324814
0.389951 0.500634 0.050378 0.292069
0.370474 0.553831 0.041141 0.272182
0.340265 0.589238 0.041674 0.268113
0.310794 0.600424 0.051435 0.277903
0.286592 0.588918 0.071908 0.297406
0.266437 0.559865 0.104883 0.322513
0.247046 0.518524 0.150027 0.350823
0.226398 0.468927 0.203569 0.381964
0.205220 0.414252 0.258812 0.416173
0.186417 0.357867 0.307555 0.452480
0.173656 0.303758 0.341985 0.488011
0.170563 0.255969 0.356306 0.518446
0.181403 0.217893 0.346365 0.538615
0.213541 0.192480 0.307256 0.541887
0.281391 0.184057 0.232516 0.517468
0.402894 0.202687 0.127402 0.448546
0.544408 0.269811 0.040402 0.333974
0.579848 0.404672 0.008994 0.228303
0.491283 0.572037 0.002983 0.175166
0.377103 0.691760 0.002266 0.167271
0.296467 0.732597 0.003453 0.191146
0.255999 0.713497 0.007613 0.236763
0.246564 0.661360 0.018128 0.289693
0.256874 0.600239 0.038021 0.331722
0.274336 0.547975 0.063743 0.353157
0.289333 0.512111 0.086320 0.358314
0.298912 0.491526 0.100992 0.356182
0.303965 0.481612 0.109007 0.352453
0.305840 0.477827 0.113363 0.349360
0.305444 0.476776 0.116460 0.347611
0.303397 0.476165 0.119752 0.347427
0.300230 0.474558 0.123959 0.348842
0.296471 0.471190 0.129257 0.351739
0.292659 0.465845 0.135405 0.355844
0.289347 0.458766 0.141817 0.360728
0.287105 0.450577 0.147635 0.365808
0.286505 0.442203 0.151834 0.370371
0.288074 0.434797 0.153380 0.373601
0.292189 0.429643 0.151441 0.374650
0.298891 0.428033 0.145640 0.372780
0.307649 0.431070 0.136300 0.367569
0.317155 0.439376 0.124575 0.359193
0.325369 0.452704 0.112328 0.348642
0.330059 0.469591 0.101694 0.337695
0.329714 0.487332 0.094526 0.328523
0.324231 0.502508 0.092077 0.323042
0.314786 0.511936 0.095044 0.322401
0.303035 0.513506 0.103752 0.326843
0.290356 0.506505 0.118175 0.335925
0.277622 0.491430 0.137715 0.348844
0.265467 0.469618 0.160882 0.364672
0.254728 0.442964 0.185095 0.382355
0.246761 0.413822 0.206761 0.400510
0.243539 0.384985 0.221656 0.417171
0.247614 0.359679 0.225498 0.429602
0.262029 0.341605 0.214596 0.434226
0.289850 0.335151 0.186905 0.426761
0.331841 0.345723 0.144458 0.403183
0.380184 0.379102 0.096752 0.363096
0.413571 0.437214 0.058263 0.314956
0.412080 0.510325 0.036467 0.274417
0.380426 0.576755 0.028395 0.252773
0.339661 0.617233 0.029739 0.251561
0.305109 0.626202 0.039838 0.266506
0.280442 0.608731 0.061022 0.291374
0.262105 0.573110 0.095879 0.320396
0.244719 0.526447 0.143912 0.350587
0.225221 0.473306 0.200397 0.382190
0.204321 0.416504 0.258002 0.416403
0.185275 0.358793 0.308530 0.452840
0.172014 0.303708 0.344380 0.488785
0.168240 0.255068 0.359948 0.519894
0.178115 0.216148 0.351298 0.540999
0.208739 0.189740 0.313727 0.545610
0.274266 0.179840 0.240534 0.523226
0.394095 0.195850 0.134949 0.456797
0.541189 0.258728 0.043647 0.342110
0.587448 0.390300 0.009422 0.232121
0.502220 0.560672 0.002901 0.174962
0.384782 0.687782 0.002064 0.164534
0.299961 0.734521 0.003042 0.186798
0.256478 0.718511 0.006675 0.231856
0.245328 0.667203 0.016126 0.285715
0.255354 0.605341 0.034624 0.329650
0.273919 0.551851 0.059312 0.352448
0.290626 0.515323 0.081314 0.357577
0.301666 0.495074 0.095432 0.354422
0.307529 0.486339 0.102847 0.349372
0.309456 0.484123 0.106826 0.345149
0.308383 0.484493 0.110050 0.342759
0.305061 0.484675 0.114171 0.342590
0.300209 0.482887 0.120000 0.344736
0.294545 0.478196 0.127713 0.349051
0.288777 0.470396 0.136948 0.355165
0.283617 0.459889 0.146861 0.362504
0.279826 0.447572 0.156175 0.370295
0.278241 0.434744 0.163304 0.377555
0.279750 0.423027 0.166563 0.383098
0.285160 0.414284 0.164484 0.385587
0.294912 0.410506 0.156242 0.383694
0.308582 0.413604 0.142140 0.376445
0.324255 0.424989 0.124005 0.363780
0.338258 0.444818 0.105052 0.347148
0.346150 0.471073 0.088910 0.329650
0.345071 0.499213 0.078305 0.315173
0.335516 0.523234 0.074560 0.306896
0.320574 0.537838 0.078167 0.306278
0.303583 0.540135 0.089503 0.313090
0.286480 0.529825 0.108903 0.326124
0.269751 0.508334 0.136100 0.343981
0.253364 0.477880 0.169469 0.365530
0.237796 0.441012 0.205596 0.389830
0.224555 0.400618 0.239451 0.415617
0.216132 0.360030 0.265118 0.440771
0.215783 0.322966 0.276747 0.462038
0.227686 0.293401 0.269119 0.474953
0.257609 0.275836 0.237837 0.473548
0.312545 0.276467 0.181427 0.450021
0.392130 0.304980 0.109854 0.397562
0.464481 0.372637 0.050676 0.323253
0.475420 0.476781 0.021583 0.256207
0.423917 0.584150 0.012361 0.219801
0.356410 0.654525 0.011607 0.215055
0.304697 0.675497 0.016542 0.234114
0.275065 0.657437 0.029483 0.267382
0.261595 0.616211 0.054661 0.304211
0.254708 0.565396 0.093383 0.336607
0.246648 0.513342 0.140695 0.363382
0.235110 0.463029 0.189043 0.388045
0.222259 0.414682 0.232474 0.413462
0.211887 0.368689 0.266212 0.439488
0.208010 0.326813 0.285512 0.463414
0.214929 0.291984 0.285686 0.480865
0.238209 0.267950 0.262229 0.486045
0.285680 0.259866 0.211703 0.471164
0.363548 0.276239 0.138249 0.426987
0.453791 0.330028 0.066447 0.352546
0.495107 0.428537 0.025680 0.273059
0.456706 0.548532 0.011814 0.221678
0.382694 0.642036 0.009016 0.206092
0.319134 0.682620 0.011447 0.218855
0.280445 0.676038 0.019949 0.250331
0.263035 0.639399 0.038538 0.289325
0.257344 0.589121 0.070413 0.325021
0.253566 0.536772 0.112746 0.352803
0.246536 0.487520 0.157877 0.375305
0.236761 0.441904 0.199322 0.396784
0.227527 0.399310 0.232973 0.418807
0.222667 0.360240 0.255121 0.439945
0.226115 0.326747 0.261700 0.456786
0.242371 0.302111 0.248634 0.464541
0.276984 0.290869 0.212781 0.457072
0.334525 0.299708 0.155555 0.427336
0.407102 0.338055 0.090996 0.372254
0.457850 0.412817 0.043542 0.304484
0.449656 0.512474 0.021578 0.250447
0.397119 0.602490 0.014985 0.225284
0.339190 0.653537 0.016108 0.227404
0.297089 0.661416 0.024097 0.249283
0.272895 0.637148 0.042096 0.281776
0.259930 0.594307 0.073771 0.315848
0.249653 0.543537 0.118573 0.346484
0.236744 0.490702 0.170604 0.374444
0.221054 0.437815 0.222575 0.402787
0.205697 0.385714 0.268123 0.432790
0.194708 0.336085 0.301388 0.462859
0.192150 0.291748 0.316997 0.489265
0.202616 0.256042 0.310220 0.506927
0.232950 0.232680 0.276227 0.509203
0.294213 0.227070 0.210871 0.486406
0.395282 0.249583 0.121773 0.426391
0.503044 0.317604 0.046654 0.331917
0.528557 0.439386 0.014346 0.243778
0.459898 0.578583 0.006195 0.196827
0.368733 0.674765 0.005184 0.189553
0.301830 0.706498 0.007619 0.211077
0.266664 0.688304 0.015143 0.250843
0.255887 0.641993 0.031939 0.295511
0.258364 0.586775 0.060553 0.331825
0.263151 0.535597 0.096399 0.355032
0.264505 0.493273 0.130890 0.369511
0.262739 0.458973 0.158941 0.380971
0.260703 0.430470 0.179141 0.391787
0.261355 0.406679 0.190693 0.401393
0.267249 0.388204 0.192286 0.407701
0.280482 0.377017 0.182588 0.407983
0.302154 0.376021 0.161449 0.399507
0.330758 0.388495 0.131466 0.380575
0.359764 0.416793 0.098913 0.352409
0.377958 0.459618 0.071647 0.320732
0.376808 0.509270 0.054473 0.294097
0.358296 0.553148 0.047699 0.279120
0.331954 0.580259 0.050210 0.277731
0.306123 0.586172 0.062077 0.288136
0.283842 0.572385 0.084655 0.306950
0.263997 0.543031 0.119033 0.331029
0.244275 0.502356 0.164113 0.358674
0.223708 0.453868 0.215721 0.389540
0.203625 0.400768 0.267103 0.423323
0.187028 0.346671 0.310298 0.458418
0.177481 0.295679 0.338018 0.491546
0.178738 0.251750 0.344828 0.518186
0.195842 0.218277 0.326267 0.532813
0.237916 0.198750 0.276782 0.527745
0.320844 0.199255 0.192111 0.490378
0.451706 0.233495 0.090346 0.406336
0.560468 0.324164 0.025448 0.292785
0.543818 0.473767 0.006589 0.208209
0.441637 0.623803 0.003093 0.174217
0.342234 0.709258 0.003170 0.178983
0.279888 0.723649 0.005633 0.211102
0.252870 0.690400 0.012731 0.259443
0.251157 0.634348 0.028487 0.307914
0.262793 0.576436 0.053946 0.341521
0.276213 0.529659 0.082400 0.357185
0.285469 0.497338 0.105522 0.361905
0.290516 0.476809 0.120804 0.362749
0.293233 0.464121 0.129771 0.362907
0.295157 0.456304 0.134415 0.363035
0.297159 0.451692 0.136053 0.362895
0.299609 0.449536 0.135448 0.362113
0.302527 0.449566 0.133123 0.360433
0.305656 0.451654 0.129591 0.357811
0.308541 0.455577 0.125459 0.354438
0.310630 0.460882 0.121431 0.350730
0.311420 0.466829 0.118233 0.347266
0.310596 0.472455 0.116521 0.344676
0.308122 0.476711 0.116789 0.343518
0.304236 0.478657 0.119310 0.344161
0.299378 0.477642 0.124093 0.346732
0.294094 0.473422 0.130849 0.351105
0.288978 0.466194 0.138958 0.356921
0.284667 0.456579 0.147455 0.363617
0.281851 0.445571 0.155071 0.370440
0.281278 0.434475 0.160343 0.376455
0.283686 0.424845 0.161826 0.380566
0.289652 0.418401 0.158389 0.381603
0.299296 0.416893 0.149590 0.378512
0.311841 0.421858 0.136063 0.370698
0.325201 0.434177 0.119722 0.358500
0.336057 0.453410 0.103460 0.343573
0.340981 0.477173 0.090263 0.328779
0.338232 0.501174 0.082294 0.317329
0.328684 0.520346 0.080665 0.311646
0.314907 0.530557 0.085892 0.312725
0.299436 0.529721 0.098312 0.320263
0.283731 0.517801 0.118012 0.333236
0.268282 0.496124 0.144322 0.350477
0.253370 0.466722 0.175261 0.370953
0.239818 0.432030 0.207290 0.393614
0.229327 0.394889 0.235571 0.416962
0.224438 0.358582 0.254647 0.438646
0.228441 0.326786 0.259209 0.455259
0.245570 0.303570 0.244605 0.462211
0.281161 0.293869 0.207663 0.453542
0.339092 0.304592 0.150343 0.422551
0.409814 0.345050 0.087373 0.367096
0.456023 0.421055 0.042230 0.300854
0.444392 0.519384 0.021613 0.249448
0.391923 0.605729 0.015587 0.226500
0.335870 0.652986 0.017186 0.229978
0.295550 0.658342 0.025927 0.252396
0.272293 0.632858 0.045083 0.284724
0.259302 0.589646 0.078119 0.318316
0.248321 0.538785 0.124091 0.348737
0.234544 0.485710 0.176942 0.377030
0.218210 0.432322 0.229403 0.406093
0.202584 0.379627 0.274987 0.436878
0.191723 0.329560 0.307673 0.467513
0.189683 0.285095 0.322077 0.494094
0.201118 0.249593 0.313528 0.511428
0.233182 0.226734 0.277129 0.512704
0.297643 0.222006 0.208665 0.487818
0.403496 0.246246 0.116992 0.424150
0.512899 0.317708 0.042705 0.326082
0.532611 0.444152 0.012678 0.237702
0.457894 0.585868 0.005505 0.192630
0.364628 0.680913 0.004748 0.187351
0.298105 0.709958 0.007203 0.210673
0.264160 0.689217 0.014655 0.251947
0.254852 0.641133 0.031285 0.297412
0.258851 0.585258 0.059425 0.333471
0.265098 0.534610 0.094099 0.355563
0.267832 0.493801 0.126662 0.368475
0.267354 0.461711 0.152399 0.378142
0.266394 0.435844 0.170397 0.387048
0.267684 0.414844 0.180369 0.394793
0.273446 0.399004 0.181519 0.399583
0.285312 0.389907 0.173007 0.399137
0.303861 0.389923 0.154982 0.391320
0.327433 0.401561 0.129752 0.375015
0.350718 0.426295 0.102282 0.351464
0.365452 0.462563 0.078681 0.325189
0.365365 0.504066 0.063137 0.302753
0.351285 0.540997 0.056719 0.289544
0.329686 0.564489 0.059119 0.287613
0.306974 0.570291 0.070529 0.296011
0.286064 0.558794 0.091895 0.312302
0.266694 0.532876 0.123837 0.334049
0.247507 0.495954 0.165182 0.359746
0.228042 0.451212 0.212157 0.388776
0.209615 0.401808 0.258635 0.420456
0.194985 0.351330 0.297272 0.453010
0.187584 0.303788 0.321107 0.483205
0.191332 0.263149 0.324543 0.506567
0.211718 0.233103 0.302684 0.517376
0.258158 0.217924 0.250247 0.507500
0.344135 0.225127 0.166352 0.464666
0.464454 0.269682 0.075288 0.379770
0.541989 0.369904 0.022779 0.277834
0.507080 0.514076 0.007391 0.208265
0.412209 0.641408 0.004391 0.183809
0.327859 0.704874 0.005140 0.193876
0.277048 0.707028 0.009381 0.227837
0.256317 0.669854 0.020272 0.273742
0.255508 0.615295 0.041895 0.316548
0.262750 0.560608 0.073425 0.345720
0.268753 0.514979 0.106970 0.361870
0.270753 0.479734 0.135226 0.371556
0.270538 0.452463 0.155912 0.379447
0.270857 0.430814 0.169054 0.386644
0.274019 0.413957 0.174520 0.392146
0.281732 0.402546 0.171746 0.394131
0.294941 0.398232 0.160463 0.390664
0.313215 0.403079 0.141653 0.380318
0.333752 0.418778 0.118309 0.363056
0.350965 0.445353 0.095174 0.341175
0.358504 0.479619 0.076942 0.319326
0.353466 0.514782 0.066299 0.302787
0.338415 0.542623 0.063905 0.295102
0.318710 0.556992 0.069850 0.297123
0.298576 0.555656 0.084629 0.307651
0.279523 0.539614 0.108894 0.324671
0.261145 0.511424 0.142409 0.346414
0.242814 0.473996 0.183005 0.371815
0.224996 0.430264 0.226227 0.400147
0.209604 0.383442 0.265825 0.430169
0.199594 0.337217 0.294942 0.459465
0.198545 0.295551 0.307358 0.484314
0.211010 0.262373 0.297809 0.499762
0.243943 0.241874 0.261339 0.499136
0.307743 0.240130 0.194917 0.472820
0.406827 0.268237 0.109442 0.410410
0.500768 0.342378 0.042228 0.319395
0.511038 0.464447 0.014266 0.239887
0.441091 0.593503 0.007059 0.200042
0.357192 0.676348 0.006521 0.196940
0.297539 0.699052 0.009950 0.220383
0.266856 0.676864 0.019569 0.259735
0.257437 0.630098 0.039743 0.301966
0.258215 0.576027 0.072130 0.335789
0.259348 0.525502 0.111192 0.358669
0.256790 0.481998 0.148716 0.375312
0.251878 0.444562 0.179964 0.390389
0.247862 0.411663 0.202861 0.405192
0.248069 0.383190 0.215421 0.418306
0.255671 0.360711 0.215141 0.426795
0.273739 0.347164 0.199756 0.426879
0.304500 0.346661 0.168855 0.414485
0.346225 0.364240 0.126686 0.386818
0.387489 0.404135 0.084030 0.346102
0.407954 0.464551 0.052775 0.302763
0.396463 0.532160 0.036494 0.270439
0.363425 0.586777 0.031891 0.256541
0.326849 0.614699 0.036294 0.260616
0.297036 0.614289 0.050243 0.278121
0.274942 0.591250 0.076234 0.303418
0.256580 0.552793 0.115876 0.332057
0.237688 0.504620 0.167240 0.362427
0.216852 0.450437 0.224681 0.395163
0.195924 0.393089 0.280397 0.430752
0.178510 0.335879 0.326060 0.467739
0.168411 0.282737 0.354596 0.502612
0.169286 0.237413 0.361202 0.530667
0.186003 0.202910 0.342015 0.546418
0.227860 0.182131 0.291389 0.542303
0.312582 0.180405 0.203436 0.505212
0.453216 0.210947 0.094436 0.417885
0.579188 0.298787 0.024394 0.295296
0.567626 0.453731 0.005405 0.203024
0.457055 0.617951 0.002226 0.165542
0.347485 0.715480 0.002158 0.168871
0.278599 0.735294 0.003861 0.201132
0.248529 0.702622 0.009106 0.251854
0.246924 0.644314 0.021558 0.304416
0.262056 0.583666 0.042902 0.341002
0.281333 0.536200 0.067257 0.355934
0.296520 0.506578 0.086053 0.356464
0.305798 0.491902 0.096870 0.351552
0.310138 0.486900 0.102289 0.346141
0.310662 0.486753 0.105605 0.342210
0.308241 0.487808 0.109167 0.340532
0.303672 0.487543 0.114314 0.341402
0.297753 0.484437 0.121607 0.344817
0.291260 0.477836 0.130993 0.350515
0.284941 0.467822 0.141861 0.358002
0.279565 0.455082 0.153075 0.366576
0.275988 0.440790 0.163046 0.375315
0.275182 0.426519 0.169888 0.383059
0.278182 0.414163 0.171698 0.388404
0.285888 0.405866 0.166961 0.389784
0.298662 0.403891 0.155079 0.385706
0.315606 0.410358 0.136981 0.375240
0.333736 0.426634 0.115498 0.358798
0.347960 0.452260 0.094836 0.338828
0.353137 0.483822 0.078962 0.319598
0.347381 0.515012 0.070147 0.305611
0.333178 0.538721 0.069093 0.299762
0.314990 0.549856 0.076058 0.302674
0.296226 0.546651 0.091520 0.313285
0.278121 0.530028 0.115878 0.329879
0.260474 0.502252 0.148541 0.350950
0.243041 0.465989 0.187089 0.375500
0.226589 0.424075 0.227045 0.402656
0.213138 0.379701 0.262397 0.430946
0.205644 0.336513 0.286670 0.457778
0.207759 0.298423 0.293950 0.479317
0.224312 0.269446 0.279089 0.490439
0.262507 0.254236 0.237570 0.484163
0.331164 0.259872 0.168966 0.451056
0.426007 0.298330 0.089868 0.384320
0.496468 0.382551 0.035121 0.299157
0.484065 0.503435 0.013801 0.233129
0.412858 0.615526 0.008407 0.204496
0.339597 0.678051 0.009008 0.208285
0.290453 0.687093 0.014544 0.234932
0.266182 0.658630 0.028159 0.273664
0.258336 0.610783 0.054063 0.312406
0.256288 0.557873 0.092064 0.343115
0.252342 0.507781 0.135446 0.366082
0.244870 0.462364 0.176739 0.385978
0.236377 0.420798 0.211477 0.405880
0.230524 0.382681 0.236506 0.425608
0.231053 0.349198 0.248355 0.442609
0.241933 0.323007 0.243267 0.452847
0.267741 0.308005 0.218010 0.451122
0.312764 0.309706 0.172144 0.431361
0.374628 0.335761 0.113624 0.389200
0.430682 0.393430 0.061859 0.330088
0.444535 0.478889 0.031889 0.274089
0.410388 0.567558 0.020290 0.240212
0.357768 0.629094 0.018831 0.232602
0.312681 0.651014 0.024708 0.246222
0.283067 0.638705 0.039802 0.273274
0.265437 0.603711 0.067804 0.305446
0.252314 0.556570 0.110006 0.336877
0.237695 0.504095 0.162504 0.366630
0.220150 0.449439 0.218255 0.396951
0.202103 0.394161 0.269971 0.429377
0.187493 0.340314 0.310744 0.462803
0.180330 0.290959 0.334497 0.493802
0.184714 0.249491 0.336442 0.517574
0.206372 0.219166 0.312082 0.528165
0.255594 0.203907 0.255822 0.517034
0.348034 0.211186 0.166324 0.470726
0.478856 0.256952 0.070835 0.378894
0.559824 0.362022 0.019320 0.270570
0.516864 0.514888 0.005770 0.199602
0.413268 0.649027 0.003357 0.176205
0.324445 0.714135 0.004024 0.187991
0.272452 0.714726 0.007654 0.224280
0.252524 0.674836 0.017234 0.272911
0.254160 0.617850 0.036747 0.317630
0.265204 0.562388 0.065375 0.346511
0.275532 0.518451 0.095046 0.359975
0.281505 0.487340 0.118527 0.365421
0.284319 0.466034 0.134331 0.368437
0.286180 0.451251 0.143731 0.370908
0.288734 0.441030 0.147949 0.372683
0.292928 0.434726 0.147625 0.372966
0.299082 0.432512 0.143188 0.370962
0.306853 0.434852 0.135301 0.366203
0.315178 0.442019 0.125139 0.358782
0.322372 0.453652 0.114380 0.349511
0.326579 0.468423 0.104918 0.339880
0.326494 0.483996 0.098438 0.331731
0.321915 0.497433 0.096142 0.326742
0.313708 0.505941 0.098735 0.325985
0.303231 0.507577 0.106530 0.329776
0.291728 0.501575 0.119469 0.337806
0.280096 0.488255 0.136950 0.349393
0.269046 0.468753 0.157584 0.363672
0.259438 0.444785 0.179036 0.379611
0.252551 0.418530 0.198087 0.395869
0.250180 0.392607 0.210961 0.410589
0.254597 0.370057 0.213833 0.421250
0.268394 0.354380 0.203484 0.424642
0.293871 0.349672 0.178354 0.417086
0.330877 0.360713 0.140586 0.395444
0.372028 0.392092 0.098342 0.359943
0.400102 0.444513 0.063453 0.317890
0.399639 0.509069 0.042620 0.282083
0.373645 0.567690 0.034482 0.262241
0.338349 0.604128 0.035954 0.260379
0.306691 0.612860 0.046569 0.273272
0.282439 0.597339 0.068299 0.295738
0.263063 0.564225 0.103260 0.322985
0.244301 0.519560 0.150863 0.352513
0.223807 0.467542 0.206686 0.384338
0.202494 0.411198 0.263529 0.419097
0.183547 0.353710 0.313033 0.455948
0.170773 0.298950 0.347488 0.491939
0.167799 0.250865 0.361351 0.522655
0.178862 0.212713 0.350717 0.542899
0.211412 0.187281 0.310715 0.546042
0.280323 0.178731 0.234595 0.521136
0.404721 0.197060 0.127403 0.450752
0.550504 0.264157 0.039294 0.333414
0.586439 0.400624 0.008378 0.225824
0.494892 0.571478 0.002691 0.172296
0.377777 0.694035 0.002025 0.164502
0.295522 0.735849 0.003105 0.188717
0.254448 0.716517 0.006940 0.235078
0.245146 0.663546 0.016787 0.289107
0.256378 0.601550 0.035672 0.331982
0.275450 0.549006 0.060203 0.353296
0.292225 0.513849 0.081444 0.357304
0.303187 0.494935 0.094701 0.353482
0.308885 0.487319 0.101508 0.348044
0.310517 0.485935 0.105220 0.343630
0.309010 0.486798 0.108505 0.341246
0.305154 0.487089 0.112984 0.341292
0.299728 0.485012 0.119434 0.343850
0.293501 0.479663 0.127981 0.348740
0.287217 0.470904 0.138198 0.355549
0.281621 0.459229 0.149130 0.363649
0.277524 0.445645 0.159356 0.372205
0.275840 0.431579 0.167109 0.380153
0.277564 0.418795 0.170518 0.386193
0.283624 0.409320 0.167955 0.388837
0.294563 0.405342 0.158519 0.386591
0.309942 0.408991 0.142606 0.378340
0.327546 0.421877 0.122382 0.364018
0.343022 0.444190 0.101600 0.345353
0.351162 0.473565 0.084346 0.326004
0.348911 0.504671 0.073435 0.310432
0.337376 0.530617 0.069995 0.302064
0.320511 0.545635 0.074358 0.302220
0.302113 0.546936 0.086919 0.310340
0.284066 0.534647 0.108134 0.324897
0.266556 0.510631 0.137785 0.344315
0.249295 0.477400 0.174093 0.367459
0.232708 0.437680 0.213275 0.393460
0.218430 0.394497 0.249820 0.421082
0.209130 0.351330 0.277387 0.448113
0.208212 0.312012 0.289893 0.471128
0.220024 0.280523 0.282011 0.485457
0.250831 0.261258 0.249045 0.484829
0.309072 0.260366 0.188768 0.460670
0.396619 0.288132 0.111224 0.404570
0.478877 0.357981 0.047789 0.323311
0.491349 0.469520 0.018409 0.250245
0.432905 0.586660 0.009812 0.211487
0.358158 0.663414 0.009057 0.206874
0.302494 0.686055 0.013212 0.227506
0.272002 0.666794 0.024524 0.263251
0.260069 0.623464 0.047341 0.302398
0.256384 0.571314 0.083227 0.335501
0.252187 0.519832 0.127038 0.360737
0.244376 0.472242 0.170931 0.382102
0.234755 0.428248 0.209472 0.403256
0.226923 0.387376 0.239026 0.424702
0.224703 0.350591 0.255896 0.444274
0.232105 0.320350 0.256051 0.458111
0.253859 0.300295 0.235677 0.461065
0.295405 0.295541 0.192719 0.446712
0.358545 0.313625 0.132033 0.408759
0.426565 0.363812 0.072290 0.348421
0.457773 0.448140 0.034591 0.284302
0.431337 0.546272 0.019150 0.240600
0.375057 0.622860 0.015623 0.225680
0.322768 0.657589 0.019091 0.235217
0.287710 0.653004 0.030412 0.261201
0.268123 0.621450 0.053336 0.294487
0.256290 0.575395 0.090489 0.327297
0.244577 0.523587 0.139282 0.356888
0.229685 0.470232 0.192923 0.385289
0.212997 0.416737 0.244305 0.415067
0.198176 0.364314 0.287048 0.446320
0.189295 0.315287 0.315214 0.476476
0.190451 0.272825 0.323655 0.501206
0.206755 0.240321 0.307766 0.514955
0.246560 0.221698 0.262467 0.510187
0.322802 0.223463 0.185024 0.475553
0.438087 0.258708 0.092371 0.399708
0.532190 0.346318 0.030104 0.298052
0.519999 0.484105 0.009261 0.219829
0.431705 0.619063 0.004789 0.186819
0.342786 0.696123 0.004943 0.190570
0.285317 0.709237 0.008390 0.220195
0.259154 0.678557 0.017758 0.264435
0.254924 0.626314 0.037321 0.308689
0.260907 0.570797 0.067746 0.340900
0.266950 0.522840 0.102195 0.359548
0.269072 0.485072 0.132585 0.370651
0.268560 0.455551 0.155624 0.379461
0.268224 0.431849 0.170963 0.387599
0.270594 0.412955 0.178359 0.394243
0.277640 0.399434 0.177084 0.397513
0.290652 0.392987 0.166574 0.395255
0.309653 0.395904 0.147472 0.385668
0.332221 0.410335 0.122613 0.368235
0.352558 0.436974 0.097069 0.344919
0.363134 0.473194 0.076290 0.320573
0.359621 0.512059 0.063539 0.301237
0.344252 0.544322 0.059513 0.291268
0.323214 0.562587 0.064086 0.291910
0.301725 0.563904 0.077675 0.301930
0.281770 0.549209 0.101145 0.319030
0.262845 0.521325 0.134661 0.341123
0.243919 0.483425 0.176433 0.366998
0.225067 0.438557 0.222179 0.396041
0.208006 0.389922 0.265557 0.427274
0.195657 0.341202 0.299390 0.458532
0.191530 0.296403 0.317124 0.486265
0.199857 0.259436 0.313408 0.505723
0.226978 0.234154 0.283232 0.510670
0.283415 0.225654 0.221949 0.491979
0.379815 0.243425 0.134243 0.437364
0.492130 0.304266 0.054196 0.345561
0.532735 0.419968 0.016566 0.253297
0.472711 0.561110 0.006602 0.200184
0.380298 0.665955 0.005037 0.188196
0.308829 0.706121 0.006965 0.206483
0.269569 0.693356 0.013526 0.244606
0.256142 0.649510 0.028698 0.289625
0.257678 0.594459 0.055645 0.327692
0.262876 0.542270 0.090828 0.352504
0.265025 0.498847 0.125671 0.367605
0.263755 0.463857 0.154432 0.378997
0.261742 0.435019 0.175452 0.389598
0.261960 0.410976 0.188048 0.399192
0.266974 0.392054 0.191054 0.405881
0.278891 0.380004 0.183159 0.407058
0.298936 0.377547 0.164008 0.400032
0.326068 0.387848 0.135692 0.382961
0.354727 0.413382 0.103806 0.356548
0.374536 0.453501 0.075968 0.325710
0.376384 0.501644 0.057513 0.298541
0.360520 0.546017 0.049382 0.281982
0.335443 0.575344 0.050592 0.278641
0.309729 0.584233 0.061018 0.287259
0.287149 0.573351 0.081846 0.304705
0.267140 0.546441 0.114250 0.327829
0.247536 0.507680 0.157513 0.354739
0.227167 0.460622 0.207951 0.384920
0.207051 0.408456 0.259193 0.418097
0.189989 0.354724 0.303424 0.452864
0.179492 0.303477 0.333196 0.486163
0.179274 0.258739 0.342795 0.513627
0.194126 0.224004 0.327679 0.529877
0.232447 0.202739 0.282497 0.527614
0.309134 0.200595 0.202444 0.495033
0.434206 0.230090 0.101268 0.417381
0.550253 0.313131 0.030467 0.305788
0.548973 0.456652 0.007824 0.216489
0.453021 0.608974 0.003406 0.177312
0.351793 0.702040 0.003223 0.178236
0.285627 0.723249 0.005442 0.207492
0.255218 0.694361 0.012049 0.254262
0.250982 0.640190 0.027055 0.303086
0.261137 0.581986 0.052164 0.338556
0.273941 0.533566 0.081421 0.356265
0.282901 0.499123 0.106172 0.362502
0.287688 0.476474 0.123132 0.364457
0.290255 0.461825 0.133395 0.365525
0.292313 0.452301 0.138764 0.366369
0.294880 0.446378 0.140437 0.366627
0.298399 0.443513 0.139097 0.365760
0.302852 0.443656 0.135282 0.363386
0.307802 0.446848 0.129654 0.359425
0.312467 0.452910 0.123115 0.354174
0.315881 0.461221 0.116758 0.348315
0.317171 0.470641 0.111709 0.342811
0.315844 0.479607 0.108951 0.338700
0.311940 0.486415 0.109189 0.336853
0.305960 0.489580 0.112813 0.337800
0.298646 0.488140 0.119869 0.341663
0.290781 0.481802 0.130015 0.348201
0.283112 0.470932 0.142435 0.356891
0.276411 0.456462 0.155773 0.366980
0.271580 0.439794 0.168141 0.377485
0.269718 0.422728 0.177262 0.387137
0.272096 0.407413 0.180759 0.394346
0.279980 0.396301 0.176601 0.397236
0.294204 0.392076 0.163720 0.393851
0.314279 0.397457 0.142837 0.382697
0.337052 0.414603 0.117182 0.363754
0.356037 0.443754 0.092097 0.339661
0.363845 0.481404 0.072751 0.315786
0.357409 0.519825 0.061793 0.298086
0.340215 0.549761 0.059562 0.290318
0.318663 0.564617 0.065968 0.293105
0.297384 0.562395 0.081580 0.304854
0.277705 0.544618 0.107236 0.323201
0.258824 0.514296 0.142792 0.346208
0.239823 0.474593 0.185941 0.372845
0.221110 0.428560 0.231891 0.402515
0.204717 0.379485 0.273989 0.434048
0.193730 0.331153 0.305061 0.464982
0.191762 0.287585 0.318804 0.491499
0.203321 0.252641 0.310046 0.508595
0.235471 0.230260 0.273725 0.509585
0.299656 0.226107 0.205820 0.484521
0.403887 0.251089 0.115573 0.421285
0.509871 0.323026 0.042775 0.324891
0.527723 0.448425 0.013080 0.238442
0.454285 0.587326 0.005844 0.194409
0.363167 0.679737 0.005111 0.189510
0.298145 0.707490 0.007755 0.212793
0.264885 0.686530 0.015648 0.253598
0.255528 0.638815 0.033028 0.298312
0.258789 0.583392 0.062102 0.333850
0.263856 0.532791 0.097772 0.356118
0.265353 0.491363 0.131479 0.369893
0.263832 0.458020 0.158503 0.380816
0.262158 0.430483 0.177669 0.391094
0.263210 0.407689 0.188294 0.400087
0.269431 0.390248 0.189180 0.405730
0.282758 0.380097 0.179158 0.405400
0.304051 0.380036 0.158269 0.396548
0.331534 0.393131 0.129224 0.377747
0.358703 0.421369 0.098104 0.350446
0.375082 0.463077 0.072240 0.320263
0.373189 0.510584 0.056036 0.295224
0.355214 0.551965 0.049869 0.281409
0.329977 0.577059 0.052862 0.280558
0.305079 0.581829 0.065197 0.290974
0.283274 0.567682 0.088150 0.309496
0.263546 0.538469 0.122611 0.333227
0.243857 0.498188 0.167310 0.360605
0.223488 0.450237 0.218014 0.391248
0.203881 0.397825 0.268005 0.424704
0.188036 0.344610 0.309448 0.459225
0.179494 0.294690 0.335208 0.491454
0.182084 0.252002 0.339894 0.516823
0.201113 0.219985 0.318914 0.529680
0.246165 0.202375 0.266654 0.522008
0.332967 0.205894 0.180092 0.480873
0.463454 0.245243 0.081317 0.393648
0.559355 0.342320 0.022690 0.282779
0.530505 0.493248 0.006309 0.204704
0.427975 0.635548 0.003284 0.175662
0.333906 0.711165 0.003624 0.183617
0.276628 0.719011 0.006637 0.217563
0.252982 0.682733 0.014938 0.265907
0.252760 0.626373 0.032601 0.312486
0.263885 0.569688 0.059848 0.343808
0.275470 0.524173 0.089265 0.358552
0.282762 0.492132 0.112984 0.363933
0.286419 0.470742 0.128948 0.366237
0.288552 0.456438 0.138488 0.367935
0.290799 0.446842 0.143128 0.369208
0.294101 0.440904 0.143765 0.369467
0.298816 0.438451 0.140939 0.368063
0.304761 0.439687 0.135224 0.364587
0.311217 0.444755 0.127498 0.359044
0.317015 0.453390 0.119002 0.351964
0.320805 0.464657 0.111191 0.344384
0.321507 0.476890 0.105464 0.337655
0.318720 0.487918 0.102930 0.333117
0.312815 0.495531 0.104309 0.331757
0.304679 0.498003 0.109947 0.334032
0.295319 0.494427 0.119812 0.339879
0.285622 0.484777 0.133413 0.348841
0.276359 0.469786 0.149648 0.360210
0.268365 0.450781 0.166694 0.373069
0.262722 0.429565 0.182043 0.386233
0.260855 0.408361 0.192713 0.398136
0.264491 0.389783 0.195656 0.406740
0.275459 0.376827 0.188322 0.409552
0.295114 0.372870 0.169514 0.403880
0.322860 0.381543 0.140704 0.387626
0.353584 0.405904 0.107262 0.361028
0.376500 0.446119 0.077284 0.328726
0.380876 0.496221 0.056917 0.299237
0.365668 0.544038 0.047389 0.280385
0.339703 0.577070 0.047461 0.275406
0.312697 0.588870 0.056728 0.283190
0.289228 0.579782 0.076350 0.300437
0.268923 0.553742 0.107762 0.323663
0.249346 0.515264 0.150636 0.350670
0.228896 0.468111 0.201586 0.380868
0.208277 0.415494 0.254373 0.414160
0.190180 0.360862 0.301115 0.449416
0.178131 0.308229 0.334118 0.483792
0.175784 0.261664 0.347443 0.513039
0.187574 0.224684 0.336632 0.531957
0.221083 0.200527 0.296600 0.533733
0.290480 0.194039 0.221547 0.507415
0.410635 0.216041 0.119262 0.437217
0.541295 0.287825 0.038128 0.325764
0.564885 0.424074 0.009184 0.226754
0.476220 0.584127 0.003404 0.178342
0.368523 0.693175 0.002794 0.173073
0.293854 0.726984 0.004375 0.198283
0.257078 0.704993 0.009546 0.243625
0.249157 0.652905 0.022024 0.294384
0.258621 0.593405 0.044496 0.333669
0.273186 0.542538 0.072523 0.354041
0.284638 0.506437 0.097130 0.360564
0.291361 0.483635 0.113957 0.361287
0.294907 0.470054 0.123945 0.360716
0.296915 0.462133 0.129364 0.360212
0.298377 0.457601 0.131922 0.359838
0.299780 0.455234 0.132627 0.359354
0.301299 0.454441 0.132065 0.358549
0.302904 0.454932 0.130639 0.357325
0.304439 0.456501 0.128708 0.355715
0.305669 0.458904 0.126642 0.353871
0.306352 0.461797 0.124828 0.352039
0.306292 0.464731 0.123636 0.350519
0.305391 0.467194 0.123374 0.349609
0.303685 0.468681 0.124247 0.349551
0.301331 0.468784 0.126318 0.350482
0.298594 0.467261 0.129482 0.352408
0.295814 0.464097 0.133451 0.355194
0.293372 0.459519 0.137760 0.358564
0.291674 0.453992 0.141788 0.362119
0.291117 0.448187 0.144817 0.365362
0.292051 0.442931 0.146135 0.367725
0.294702 0.439139 0.145158 0.368636
0.299069 0.437712 0.141595 0.367605
0.304805 0.439403 0.135582 0.364355
0.311120 0.444630 0.127772 0.358974
0.316827 0.453263 0.119283 0.352025
0.320577 0.464445 0.111503 0.344550
0.321296 0.476566 0.105793 0.337895
0.318571 0.487501 0.103245 0.333387
0.312758 0.495074 0.104572 0.332011
0.304721 0.497573 0.110119 0.334230
0.295457 0.494091 0.119855 0.339988
0.285849 0.484591 0.133291 0.348839
0.276668 0.469791 0.149337 0.360082
0.268746 0.451002 0.166192 0.372806
0.263158 0.430009 0.181377 0.385834
0.261313 0.409017 0.191944 0.397613
0.264916 0.390619 0.194880 0.406125
0.275763 0.377787 0.187665 0.408910
0.295173 0.373867 0.169118 0.403314
0.322539 0.382437 0.140684 0.387281
0.352834 0.406500 0.107627 0.361048
0.375508 0.446201 0.077898 0.329161
0.380024 0.495685 0.057596 0.299968
0.365231 0.543009 0.048027 0.281199
0.339678 0.575843 0.048032 0.276115
0.312915 0.587735 0.057221 0.283689
0.289527 0.578914 0.076721 0.300703
0.269224 0.553201 0.107936 0.323730
0.249649 0.515038 0.150539 0.350589
0.229240 0.468165 0.201190 0.380667
